# unix_time, cycles_done, cur_path, paths_total, pending_total, pending_favs, map_size, unique_crashes, unique_hangs, max_depth, execs_per_sec
1552741026, 0, 0, 2, 2, 2, 0.42%, 0, 0, 1, 363.64
1552741031, 0, 5, 11, 6, 3, 0.64%, 0, 0, 3, 3744.13
1552741036, 0, 7, 25, 19, 2, 1.04%, 0, 0, 3, 3612.94
1552741041, 0, 15, 30, 21, 4, 1.09%, 0, 0, 4, 3441.38
1552741047, 0, 15, 46, 37, 4, 1.38%, 0, 0, 4, 3446.64
1552741052, 0, 16, 52, 42, 11, 1.44%, 0, 0, 4, 3511.97
1552741062, 0, 27, 58, 46, 10, 1.50%, 0, 0, 5, 3391.10
1552741067, 0, 27, 61, 49, 10, 1.55%, 0, 0, 5, 3286.50
1552741072, 0, 30, 62, 48, 11, 1.55%, 0, 0, 5, 3378.99
1552741077, 0, 30, 66, 52, 11, 1.60%, 0, 0, 5, 3412.76
1552741082, 0, 31, 69, 54, 12, 1.61%, 0, 0, 5, 3205.97
1552741087, 0, 36, 78, 62, 11, 1.63%, 0, 0, 5, 2680.22
1552741092, 0, 36, 81, 65, 11, 1.63%, 0, 0, 5, 2675.83
1552741097, 0, 49, 87, 69, 12, 1.68%, 0, 0, 5, 2945.52
1552741102, 0, 54, 94, 75, 13, 1.69%, 0, 0, 6, 3588.05
1552741107, 0, 55, 97, 77, 13, 1.70%, 0, 0, 6, 3897.19
1552741112, 0, 58, 102, 81, 12, 1.70%, 0, 0, 6, 3949.71
1552741117, 0, 58, 105, 84, 12, 1.70%, 0, 0, 6, 3842.95
1552741122, 0, 68, 108, 83, 9, 1.75%, 0, 0, 6, 3663.87
1552741127, 0, 69, 114, 88, 9, 1.78%, 0, 0, 6, 3919.86
1552741132, 0, 70, 123, 96, 10, 1.87%, 0, 0, 6, 3983.73
1552741137, 0, 85, 130, 101, 11, 1.89%, 0, 0, 6, 3871.55
1552741142, 0, 85, 133, 104, 11, 1.91%, 0, 0, 6, 4024.56
1552741147, 0, 105, 140, 109, 13, 2.01%, 0, 0, 7, 3974.43
1552741153, 0, 105, 142, 111, 13, 2.01%, 0, 0, 7, 4054.72
1552741158, 0, 106, 149, 117, 12, 2.02%, 0, 0, 7, 3995.57
1552741163, 0, 108, 150, 117, 13, 2.02%, 0, 0, 7, 3860.27
1552741168, 0, 119, 153, 117, 10, 2.02%, 0, 0, 7, 3340.44
1552741173, 0, 121, 162, 125, 9, 2.04%, 0, 0, 7, 3425.60
1552741178, 0, 121, 163, 126, 9, 2.04%, 0, 0, 7, 3472.12
1552741183, 0, 128, 171, 131, 8, 2.06%, 0, 0, 7, 3185.24
1552741188, 0, 128, 175, 135, 8, 2.06%, 0, 0, 7, 3324.17
1552741193, 0, 134, 180, 139, 9, 2.06%, 0, 0, 7, 3249.91
1552741198, 0, 134, 191, 150, 9, 2.10%, 0, 0, 7, 3341.11
1552741203, 0, 134, 193, 152, 9, 2.11%, 1, 0, 7, 3293.87
1552741208, 0, 136, 201, 158, 13, 2.17%, 1, 0, 8, 3240.56
1552741213, 0, 157, 202, 155, 9, 2.17%, 1, 0, 8, 3254.00
1552741218, 0, 179, 205, 156, 11, 2.24%, 1, 0, 8, 3146.31
1552741223, 0, 179, 209, 160, 11, 2.24%, 2, 0, 8, 3368.11
1552741228, 0, 186, 211, 161, 10, 2.26%, 2, 0, 8, 3142.71
1552741233, 0, 189, 212, 161, 10, 2.27%, 2, 0, 8, 2837.74
1552741238, 0, 192, 216, 163, 10, 2.29%, 3, 0, 8, 2837.95
1552741243, 0, 197, 219, 165, 9, 2.32%, 3, 0, 8, 3045.93
1552741249, 0, 202, 225, 170, 9, 2.33%, 4, 0, 9, 3296.52
1552741254, 0, 204, 226, 169, 8, 2.33%, 4, 0, 9, 3158.68
1552741259, 0, 204, 231, 174, 8, 2.39%, 4, 0, 9, 3222.78
1552741264, 0, 213, 235, 177, 9, 2.39%, 5, 0, 9, 2934.69
1552741269, 0, 213, 242, 184, 9, 2.39%, 5, 0, 9, 3186.80
1552741274, 0, 214, 245, 186, 8, 2.40%, 6, 0, 9, 2987.86
1552741279, 0, 216, 249, 189, 8, 2.40%, 7, 0, 9, 3172.93
1552741284, 0, 217, 250, 189, 7, 2.40%, 7, 0, 9, 3050.90
1552741289, 0, 226, 250, 187, 5, 2.40%, 9, 0, 9, 2873.22
1552741294, 0, 226, 253, 190, 5, 2.40%, 15, 0, 10, 3058.32
1552741299, 0, 227, 254, 190, 5, 2.43%, 15, 0, 10, 3097.94
1552741304, 0, 253, 258, 192, 4, 2.43%, 18, 0, 11, 2973.34
1552741309, 0, 253, 262, 196, 4, 2.46%, 18, 0, 11, 3094.92
1552741315, 0, 255, 264, 197, 7, 2.46%, 18, 0, 11, 2960.77
1552741320, 0, 255, 267, 200, 7, 2.46%, 19, 0, 11, 3177.01
1552741325, 0, 256, 269, 201, 6, 2.46%, 19, 0, 12, 3013.71
1552741330, 0, 257, 271, 202, 5, 2.46%, 19, 0, 12, 3080.30
1552741335, 0, 257, 274, 205, 5, 2.46%, 19, 0, 12, 3093.95
1552741340, 0, 258, 275, 205, 4, 2.47%, 20, 0, 12, 2988.89
1552741345, 0, 274, 275, 203, 3, 2.47%, 20, 0, 12, 3032.51
1552741350, 0, 275, 277, 204, 3, 2.49%, 21, 0, 14, 3132.42
1552741355, 0, 275, 281, 208, 3, 2.50%, 22, 0, 14, 3044.42
1552741360, 0, 276, 285, 211, 4, 2.50%, 22, 0, 15, 2934.88
1552741365, 0, 276, 287, 213, 4, 2.50%, 22, 0, 15, 3029.45
1552741370, 0, 277, 288, 213, 3, 2.50%, 22, 0, 15, 3068.55
1552741376, 0, 277, 289, 214, 3, 2.50%, 23, 0, 15, 3098.31
1552741381, 1, 175, 290, 212, 0, 2.50%, 23, 0, 15, 2985.35
1552741386, 1, 175, 291, 213, 0, 2.50%, 23, 0, 15, 2761.33
1552741391, 1, 188, 291, 211, 0, 2.50%, 23, 0, 15, 2785.56
1552741396, 1, 196, 292, 210, 0, 2.50%, 23, 0, 15, 2993.24
1552741401, 1, 212, 292, 208, 0, 2.50%, 23, 0, 15, 3018.34
1552741406, 1, 221, 294, 209, 0, 2.53%, 24, 0, 15, 3017.42
1552741411, 1, 293, 299, 213, 1, 2.56%, 24, 0, 15, 2922.59
1552741416, 1, 293, 303, 217, 1, 2.56%, 25, 0, 15, 3128.17
1552741421, 1, 295, 310, 223, 1, 2.57%, 26, 0, 15, 3062.94
1552741426, 1, 304, 312, 224, 1, 2.57%, 26, 0, 15, 2909.27
1552741431, 1, 304, 314, 226, 1, 2.57%, 28, 0, 15, 3182.25
1552741436, 1, 306, 317, 228, 0, 2.60%, 29, 0, 15, 3099.34
1552741441, 1, 314, 320, 230, 1, 2.62%, 29, 0, 15, 3087.58
1552741446, 1, 314, 324, 234, 1, 2.66%, 29, 0, 15, 3237.86
1552741451, 1, 318, 326, 235, 5, 2.66%, 29, 0, 15, 3589.39
1552741457, 1, 319, 332, 240, 3, 2.66%, 30, 0, 15, 3871.75
1552741462, 1, 319, 334, 242, 3, 2.66%, 30, 0, 15, 4297.70
1552741467, 1, 328, 341, 248, 2, 2.67%, 32, 0, 16, 3834.61
1552741472, 1, 328, 346, 253, 2, 2.67%, 32, 0, 16, 3854.80
1552741477, 1, 331, 346, 252, 2, 2.67%, 32, 0, 16, 3869.11
1552741482, 1, 336, 348, 253, 1, 2.67%, 32, 0, 17, 3874.61
1552741487, 1, 338, 348, 252, 0, 2.67%, 32, 0, 17, 4054.18
1552741492, 1, 338, 349, 253, 0, 2.67%, 33, 0, 17, 4047.71
1552741497, 1, 345, 352, 255, 0, 2.67%, 33, 0, 17, 4190.03
1552741502, 1, 345, 353, 256, 0, 2.67%, 33, 0, 17, 3932.47
1552741507, 1, 347, 355, 257, 0, 2.67%, 34, 0, 18, 3892.35
1552741517, 1, 349, 355, 256, 0, 2.67%, 34, 0, 18, 3615.47
1552741522, 1, 353, 358, 258, 0, 2.67%, 34, 0, 18, 3523.51
1552741533, 1, 355, 358, 257, 0, 2.67%, 34, 0, 18, 3412.37
1552741538, 1, 355, 360, 259, 0, 2.67%, 34, 0, 19, 3791.08
1552741543, 1, 356, 360, 258, 0, 2.67%, 34, 0, 19, 3552.65
1552741548, 1, 356, 361, 259, 0, 2.67%, 34, 0, 19, 3682.72
1552741553, 2, 25, 361, 256, 0, 2.67%, 34, 0, 19, 4074.48
1552741558, 2, 51, 361, 251, 0, 2.67%, 34, 0, 19, 4160.56
1552741563, 2, 85, 361, 247, 0, 2.67%, 34, 0, 19, 4306.69
1552741568, 2, 102, 361, 244, 0, 2.67%, 34, 0, 19, 4208.10
1552741573, 2, 105, 365, 245, 0, 2.67%, 34, 0, 19, 4068.49
1552741578, 2, 114, 365, 244, 0, 2.67%, 34, 0, 19, 3845.08
1552741583, 2, 139, 365, 240, 0, 2.67%, 34, 0, 19, 4111.49
1552741588, 2, 152, 365, 237, 0, 2.67%, 34, 0, 19, 4213.14
1552741593, 2, 160, 365, 234, 0, 2.67%, 34, 0, 19, 4052.90
1552741598, 2, 165, 365, 231, 0, 2.67%, 34, 0, 19, 4021.39
1552741603, 2, 173, 365, 228, 0, 2.67%, 34, 0, 19, 3937.27
1552741608, 2, 184, 365, 226, 0, 2.67%, 34, 0, 19, 3917.67
1552741613, 2, 199, 367, 227, 0, 2.67%, 34, 0, 19, 4276.28
1552741618, 2, 215, 367, 225, 0, 2.67%, 34, 0, 19, 3990.32
1552741623, 2, 231, 367, 223, 0, 2.67%, 34, 0, 19, 3992.79
