# unix_time, cycles_done, cur_path, paths_total, pending_total, pending_favs, map_size, unique_crashes, unique_hangs, max_depth, execs_per_sec
1552748670, 0, 0, 4, 4, 4, 0.59%, 0, 0, 1, 1777.78
1552748675, 0, 6, 19, 13, 7, 1.07%, 0, 0, 3, 2757.04
1552748680, 0, 6, 21, 15, 7, 1.07%, 0, 0, 3, 2877.00
1552748685, 0, 20, 34, 21, 7, 1.29%, 2, 0, 4, 3490.11
1552748691, 0, 23, 42, 27, 8, 1.36%, 3, 0, 4, 3090.15
1552748696, 0, 23, 44, 29, 8, 1.36%, 4, 0, 4, 2281.24
1552748701, 0, 28, 51, 34, 9, 1.42%, 6, 0, 5, 3183.08
1552748706, 0, 28, 53, 36, 9, 1.43%, 6, 0, 5, 3592.51
1552748711, 0, 32, 56, 36, 10, 1.45%, 7, 0, 5, 3637.99
1552748716, 0, 33, 61, 40, 9, 1.49%, 8, 0, 5, 3656.42
1552748726, 0, 46, 65, 39, 7, 1.51%, 8, 0, 6, 3647.80
1552748731, 0, 49, 73, 46, 6, 1.59%, 10, 0, 6, 3602.26
1552748736, 0, 53, 75, 47, 6, 1.60%, 10, 0, 6, 3512.85
1552748741, 0, 53, 78, 50, 6, 1.60%, 12, 0, 6, 3810.93
1552748746, 0, 69, 82, 50, 4, 1.63%, 16, 0, 7, 3888.89
1552748752, 0, 73, 87, 53, 6, 1.71%, 17, 0, 7, 4141.78
1552748757, 0, 81, 95, 59, 5, 1.78%, 17, 0, 8, 4151.87
1552748762, 0, 81, 97, 61, 5, 1.78%, 18, 0, 8, 4305.07
1552748767, 0, 83, 117, 79, 4, 1.83%, 21, 0, 8, 4139.59
1552748772, 0, 88, 123, 83, 7, 1.83%, 21, 0, 8, 4305.90
1552748777, 0, 88, 134, 94, 7, 1.88%, 22, 0, 8, 4341.34
1552748782, 0, 102, 136, 94, 8, 1.92%, 24, 0, 9, 4011.37
1552748787, 0, 105, 139, 94, 5, 1.92%, 26, 0, 9, 3858.35
1552748792, 0, 124, 143, 96, 4, 1.98%, 29, 0, 9, 3933.64
1552748797, 0, 126, 146, 98, 5, 1.98%, 30, 0, 9, 4080.76
1552748802, 0, 140, 148, 98, 4, 1.98%, 32, 0, 10, 3995.75
1552748807, 0, 141, 153, 102, 4, 1.99%, 32, 0, 10, 4397.15
1552748812, 0, 141, 164, 113, 4, 2.01%, 34, 0, 10, 4054.11
1552748817, 0, 147, 166, 113, 3, 2.01%, 36, 0, 10, 4250.29
1552748822, 1, 30, 166, 108, 0, 2.01%, 36, 0, 10, 4303.44
1552748827, 1, 63, 167, 104, 0, 2.01%, 36, 0, 10, 4185.91
1552748832, 1, 167, 171, 105, 1, 2.07%, 38, 0, 10, 4080.95
1552748837, 1, 169, 176, 108, 1, 2.11%, 39, 0, 10, 4366.56
1552748842, 1, 176, 180, 110, 1, 2.16%, 40, 0, 10, 4443.47
1552748848, 1, 176, 182, 112, 1, 2.16%, 40, 0, 10, 4412.70
1552748853, 1, 178, 185, 114, 2, 2.17%, 41, 0, 11, 4334.62
1552748858, 1, 183, 186, 113, 1, 2.17%, 41, 0, 12, 4312.02
1552748863, 1, 186, 191, 117, 0, 2.17%, 42, 0, 13, 4303.36
1552748868, 2, 31, 193, 115, 0, 2.17%, 42, 0, 13, 4441.20
1552748873, 2, 78, 194, 114, 0, 2.17%, 43, 0, 13, 3967.13
1552748878, 2, 80, 197, 116, 0, 2.17%, 43, 0, 13, 4065.05
1552748883, 2, 95, 200, 117, 0, 2.17%, 43, 0, 13, 4149.50
1552748888, 2, 106, 201, 116, 0, 2.17%, 43, 0, 13, 4267.76
1552748893, 2, 115, 201, 113, 0, 2.17%, 43, 0, 13, 3885.49
1552748898, 2, 118, 203, 113, 0, 2.17%, 43, 0, 13, 4008.80
1552748903, 2, 124, 206, 114, 0, 2.17%, 43, 0, 13, 4195.10
1552748908, 2, 145, 208, 115, 0, 2.17%, 44, 0, 13, 3877.97
1552748913, 2, 156, 210, 116, 0, 2.17%, 44, 0, 13, 4033.67
1552748918, 2, 180, 213, 118, 0, 2.17%, 45, 0, 13, 4092.03
1552748923, 2, 185, 217, 120, 0, 2.17%, 47, 0, 13, 3464.14
1552748928, 2, 185, 220, 123, 0, 2.17%, 47, 0, 13, 3120.49
1552748933, 2, 196, 223, 125, 0, 2.17%, 48, 0, 13, 2931.39
1552748938, 2, 206, 223, 124, 0, 2.17%, 48, 0, 13, 2845.59
1552748944, 2, 206, 225, 126, 0, 2.17%, 48, 0, 13, 2891.65
1552748949, 2, 208, 227, 127, 0, 2.17%, 48, 0, 13, 2943.77
1552748954, 2, 208, 229, 129, 0, 2.17%, 48, 0, 13, 2741.33
1552748959, 2, 208, 231, 131, 0, 2.17%, 48, 0, 13, 2717.09
1552748964, 2, 213, 231, 130, 0, 2.17%, 48, 0, 13, 2929.55
1552748969, 2, 217, 232, 130, 0, 2.17%, 48, 0, 14, 2586.01
1552748974, 2, 217, 235, 133, 0, 2.17%, 48, 0, 14, 2899.01
1552748979, 2, 221, 235, 132, 0, 2.17%, 48, 0, 14, 2946.90
1552748989, 2, 224, 237, 133, 0, 2.17%, 49, 0, 14, 2909.93
1552748994, 2, 225, 239, 134, 0, 2.17%, 50, 0, 14, 2961.54
1552749004, 2, 230, 240, 134, 0, 2.17%, 50, 0, 14, 2863.48
1552749014, 2, 236, 240, 133, 0, 2.17%, 50, 0, 14, 2828.70
1552749019, 2, 239, 241, 133, 0, 2.17%, 50, 0, 14, 2879.15
1552749029, 2, 240, 241, 132, 0, 2.17%, 50, 0, 14, 2856.01
1552749035, 2, 240, 243, 134, 0, 2.17%, 50, 0, 14, 3165.34
1552749040, 3, 40, 244, 133, 0, 2.17%, 50, 0, 14, 3150.61
1552749045, 3, 50, 244, 129, 0, 2.17%, 50, 0, 14, 3246.72
1552749050, 3, 76, 244, 126, 0, 2.17%, 50, 0, 14, 3127.70
1552749055, 3, 101, 244, 124, 0, 2.17%, 50, 0, 14, 3040.50
1552749060, 3, 125, 245, 123, 0, 2.17%, 50, 0, 14, 3123.03
1552749065, 3, 131, 245, 121, 0, 2.17%, 50, 0, 14, 3027.59
1552749070, 3, 132, 245, 120, 0, 2.17%, 50, 0, 14, 3141.31
1552749075, 3, 147, 245, 118, 0, 2.17%, 51, 0, 14, 2889.32
1552749080, 3, 165, 245, 116, 0, 2.17%, 51, 0, 14, 3068.99
1552749085, 3, 175, 246, 116, 0, 2.17%, 51, 0, 14, 3056.70
1552749090, 3, 175, 248, 118, 0, 2.17%, 51, 0, 14, 3288.30
1552749095, 3, 192, 248, 116, 0, 2.17%, 51, 0, 14, 3306.84
1552749101, 3, 192, 249, 117, 0, 2.17%, 51, 0, 14, 2992.12
1552749106, 3, 194, 249, 116, 0, 2.17%, 51, 0, 14, 2699.25
1552749111, 3, 197, 250, 116, 0, 2.17%, 51, 0, 14, 2907.87
1552749116, 3, 198, 250, 115, 0, 2.17%, 51, 0, 14, 2824.65
1552749121, 3, 198, 252, 117, 0, 2.17%, 51, 0, 14, 3045.29
1552749126, 3, 202, 252, 116, 0, 2.17%, 51, 0, 14, 3048.09
1552749131, 3, 202, 254, 118, 0, 2.17%, 51, 0, 14, 3128.12
1552749136, 3, 204, 255, 118, 0, 2.17%, 51, 0, 14, 3156.08
1552749141, 3, 218, 258, 120, 0, 2.17%, 51, 0, 14, 3295.72
1552749151, 3, 223, 258, 119, 0, 2.17%, 51, 0, 14, 2976.17
1552749157, 3, 223, 261, 122, 0, 2.17%, 51, 0, 14, 3209.59
1552749162, 3, 233, 262, 122, 0, 2.17%, 51, 0, 15, 3086.41
1552749172, 3, 235, 263, 122, 0, 2.17%, 51, 0, 15, 3053.69
1552749177, 3, 235, 265, 124, 0, 2.17%, 51, 0, 15, 3258.88
1552749182, 3, 248, 268, 125, 0, 2.17%, 51, 0, 15, 3182.45
1552749192, 3, 256, 268, 124, 0, 2.17%, 51, 0, 15, 3042.65
1552749197, 3, 258, 268, 123, 0, 2.17%, 51, 0, 15, 3012.69
1552749202, 3, 258, 269, 124, 0, 2.17%, 51, 0, 15, 3184.70
1552749207, 3, 259, 269, 123, 0, 2.17%, 51, 0, 15, 2950.94
1552749212, 3, 264, 269, 122, 0, 2.17%, 51, 0, 15, 3003.39
1552749217, 3, 264, 270, 123, 0, 2.17%, 51, 0, 15, 3061.91
1552749223, 4, 37, 270, 121, 0, 2.17%, 51, 0, 15, 3360.00
1552749228, 4, 93, 270, 118, 0, 2.17%, 51, 0, 15, 3359.58
1552749233, 4, 113, 270, 115, 0, 2.17%, 51, 0, 15, 3325.86
1552749238, 4, 114, 270, 114, 0, 2.17%, 51, 0, 15, 3236.57
1552749243, 4, 128, 270, 112, 0, 2.17%, 51, 0, 15, 3222.89
1552749248, 4, 130, 273, 114, 0, 2.17%, 51, 0, 15, 3347.32
1552749253, 4, 146, 274, 114, 0, 2.17%, 51, 0, 15, 3389.48
1552749258, 4, 148, 275, 114, 0, 2.17%, 51, 0, 15, 3264.87
1552749263, 4, 166, 276, 113, 0, 2.17%, 51, 0, 15, 3328.77
1552749268, 4, 171, 276, 111, 0, 2.17%, 51, 0, 15, 3448.51
