# unix_time, cycles_done, cur_path, paths_total, pending_total, pending_favs, map_size, unique_crashes, unique_hangs, max_depth, execs_per_sec
1552754035, 0, 0, 4, 4, 4, 0.45%, 0, 0, 1, 57.76
1552754040, 0, 9, 21, 13, 6, 0.99%, 0, 0, 3, 4096.36
1552754045, 0, 9, 24, 16, 6, 1.07%, 0, 0, 3, 4549.19
1552754050, 0, 22, 32, 16, 7, 1.13%, 0, 0, 4, 4596.73
1552754055, 0, 25, 38, 19, 5, 1.29%, 0, 0, 5, 4652.04
1552754060, 0, 32, 50, 27, 6, 1.30%, 0, 0, 5, 4481.55
1552754066, 0, 32, 51, 28, 6, 1.30%, 0, 0, 5, 4368.16
1552754071, 0, 37, 69, 44, 7, 1.51%, 0, 0, 6, 4141.11
1552754076, 0, 39, 72, 45, 10, 1.59%, 0, 0, 6, 4302.91
1552754081, 0, 51, 76, 45, 7, 1.62%, 0, 0, 6, 4314.78
1552754086, 0, 53, 88, 56, 6, 1.83%, 0, 0, 7, 4342.23
1552754091, 0, 59, 92, 57, 8, 1.83%, 0, 0, 7, 4283.19
1552754096, 0, 74, 98, 60, 7, 1.93%, 0, 0, 7, 357.96
1552754101, 0, 79, 110, 70, 6, 1.99%, 0, 0, 8, 3906.95
1552754106, 0, 80, 117, 76, 9, 2.06%, 2, 0, 8, 4278.45
1552754111, 0, 92, 122, 79, 11, 2.06%, 2, 0, 8, 4284.80
1552754122, 0, 99, 128, 82, 9, 2.08%, 2, 0, 9, 4492.59
1552754127, 0, 100, 133, 86, 8, 2.26%, 2, 0, 9, 3640.25
1552754132, 0, 101, 136, 88, 11, 2.26%, 2, 0, 9, 3491.70
1552754137, 0, 102, 141, 92, 10, 2.26%, 2, 0, 9, 3518.10
1552754142, 0, 112, 144, 94, 9, 2.33%, 2, 0, 9, 3490.13
1552754147, 0, 114, 148, 97, 9, 2.45%, 5, 0, 9, 3432.51
1552754152, 0, 121, 153, 100, 9, 2.46%, 5, 0, 9, 3415.06
1552754157, 0, 121, 157, 104, 9, 2.46%, 5, 0, 9, 2863.69
1552754167, 0, 127, 164, 109, 8, 2.46%, 5, 0, 10, 2097.71
1552754173, 0, 127, 175, 120, 8, 2.46%, 5, 0, 10, 2423.50
1552754178, 0, 129, 185, 129, 8, 2.66%, 8, 0, 10, 2354.13
1552754183, 0, 129, 190, 134, 8, 2.77%, 10, 0, 10, 2471.41
1552754188, 0, 133, 194, 137, 10, 2.77%, 12, 0, 10, 2378.30
1552754193, 0, 134, 195, 137, 9, 2.77%, 12, 0, 10, 2491.87
1552754198, 0, 135, 197, 138, 8, 2.77%, 12, 0, 10, 2502.23
1552754203, 0, 144, 209, 149, 7, 2.77%, 15, 0, 10, 2357.84
1552754208, 0, 144, 214, 154, 7, 2.77%, 16, 0, 10, 2456.47
1552754213, 0, 151, 218, 156, 6, 2.78%, 17, 0, 10, 2563.31
1552754218, 0, 189, 229, 166, 6, 2.90%, 22, 0, 11, 2278.83
1552754223, 0, 189, 234, 171, 6, 2.90%, 23, 0, 11, 2361.49
1552754228, 0, 189, 239, 176, 6, 2.90%, 24, 0, 11, 2449.87
1552754233, 0, 192, 248, 184, 8, 2.91%, 25, 0, 11, 2361.25
1552754238, 0, 192, 255, 191, 8, 2.93%, 28, 0, 11, 2518.61
1552754243, 0, 195, 257, 192, 8, 2.93%, 28, 0, 11, 2439.45
1552754248, 0, 198, 257, 191, 9, 2.93%, 28, 0, 11, 2429.47
1552754254, 0, 215, 258, 190, 8, 2.94%, 28, 0, 11, 2456.00
1552754259, 0, 220, 259, 189, 7, 2.94%, 28, 0, 12, 2354.12
1552754264, 0, 220, 260, 190, 7, 2.94%, 28, 0, 12, 2281.86
1552754269, 0, 220, 265, 195, 7, 2.94%, 28, 0, 12, 2393.73
1552754274, 0, 221, 266, 195, 6, 2.94%, 28, 0, 12, 2410.86
1552754279, 0, 242, 269, 197, 5, 2.95%, 28, 0, 12, 2492.88
1552754284, 0, 249, 274, 201, 6, 2.95%, 28, 0, 12, 2629.27
1552754289, 0, 256, 277, 203, 6, 2.95%, 29, 0, 12, 2493.89
1552754294, 0, 257, 279, 204, 5, 2.95%, 29, 0, 12, 2412.33
1552754299, 0, 265, 280, 204, 4, 2.95%, 30, 0, 12, 2213.73
1552754304, 0, 265, 282, 206, 4, 2.95%, 31, 0, 13, 2411.06
1552754309, 0, 269, 283, 206, 3, 2.95%, 31, 0, 13, 2407.75
1552754314, 0, 269, 287, 210, 3, 2.95%, 33, 0, 13, 2213.39
1552754319, 0, 269, 289, 212, 3, 2.95%, 33, 0, 13, 2342.32
1552754324, 0, 276, 290, 212, 2, 2.95%, 33, 0, 13, 2009.58
1552754329, 1, 184, 290, 210, 1, 2.95%, 33, 0, 13, 2173.31
1552754335, 1, 184, 292, 212, 1, 2.95%, 33, 0, 13, 2488.82
1552754340, 1, 266, 293, 212, 1, 2.95%, 33, 0, 13, 2405.99
1552754345, 1, 266, 294, 213, 1, 2.95%, 33, 0, 13, 2246.91
1552754350, 1, 266, 296, 215, 1, 2.95%, 33, 0, 13, 2457.97
1552754355, 1, 268, 297, 215, 1, 2.95%, 34, 0, 13, 2099.11
1552754360, 1, 290, 298, 215, 1, 2.95%, 34, 0, 13, 2331.07
1552754365, 1, 292, 299, 215, 0, 2.95%, 34, 0, 13, 2454.35
1552754375, 1, 296, 302, 217, 0, 2.95%, 35, 0, 14, 2211.30
1552754380, 1, 296, 304, 219, 0, 2.95%, 35, 0, 14, 2418.85
1552754385, 1, 296, 308, 223, 0, 2.95%, 35, 0, 14, 2520.47
1552754390, 1, 300, 309, 223, 1, 2.95%, 35, 0, 14, 2283.62
1552754395, 1, 300, 310, 224, 1, 2.95%, 35, 0, 15, 2371.02
1552754405, 1, 302, 311, 224, 0, 2.95%, 36, 0, 15, 2140.75
1552754410, 1, 302, 313, 226, 0, 2.95%, 36, 0, 15, 2390.04
1552754416, 1, 302, 316, 229, 0, 2.95%, 36, 0, 15, 2361.27
1552754421, 1, 307, 318, 230, 0, 2.95%, 36, 0, 15, 2322.05
1552754426, 1, 307, 319, 231, 0, 2.95%, 37, 0, 15, 1980.11
1552754436, 1, 307, 323, 235, 0, 2.95%, 37, 0, 15, 2269.45
1552754441, 1, 309, 324, 235, 0, 2.95%, 37, 0, 15, 2136.18
1552754451, 1, 309, 328, 239, 0, 2.95%, 37, 0, 16, 2298.50
1552754456, 1, 312, 329, 239, 0, 2.95%, 37, 0, 16, 2154.67
1552754461, 1, 312, 330, 240, 0, 2.95%, 37, 0, 16, 2086.22
1552754466, 1, 314, 331, 240, 0, 2.95%, 38, 0, 16, 2289.55
1552754476, 1, 314, 333, 242, 0, 2.95%, 38, 0, 16, 2341.77
1552754481, 1, 317, 333, 241, 0, 2.95%, 38, 0, 16, 2332.23
1552754497, 1, 317, 336, 244, 0, 2.95%, 38, 0, 16, 2229.76
1552754502, 1, 324, 340, 247, 0, 2.95%, 38, 0, 17, 2248.37
1552754507, 1, 324, 341, 248, 0, 2.95%, 38, 0, 17, 2046.87
1552754512, 1, 324, 343, 250, 0, 2.95%, 38, 0, 17, 1957.61
1552754517, 1, 324, 347, 254, 0, 2.95%, 38, 0, 17, 2091.06
1552754522, 1, 330, 348, 254, 0, 2.95%, 38, 0, 17, 2197.40
1552754532, 1, 330, 350, 256, 0, 2.95%, 38, 0, 17, 2323.45
1552754542, 1, 335, 351, 256, 0, 2.95%, 38, 0, 17, 2081.61
1552754558, 1, 340, 352, 256, 0, 2.95%, 38, 0, 17, 2129.91
1552754568, 1, 340, 354, 258, 0, 2.95%, 38, 0, 18, 2034.94
1552754578, 1, 344, 355, 258, 0, 2.95%, 38, 0, 18, 2047.56
1552754593, 1, 344, 358, 261, 0, 2.95%, 38, 0, 18, 1493.93
1552754604, 1, 348, 360, 262, 0, 2.95%, 38, 0, 18, 1745.26
1552754614, 1, 348, 361, 263, 0, 2.95%, 38, 0, 18, 2022.77
1552754619, 1, 350, 361, 262, 0, 2.95%, 38, 0, 18, 2059.85
1552754634, 1, 352, 362, 262, 0, 2.95%, 38, 0, 18, 2031.08
