# unix_time, cycles_done, cur_path, paths_total, pending_total, pending_favs, map_size, unique_crashes, unique_hangs, max_depth, execs_per_sec
1552744106, 0, 0, 2, 2, 2, 0.35%, 0, 0, 1, 250.00
1552744111, 0, 10, 20, 13, 1, 0.78%, 0, 0, 4, 3349.99
1552744116, 0, 10, 27, 20, 1, 1.01%, 0, 0, 4, 3386.71
1552744121, 0, 12, 33, 25, 7, 1.10%, 1, 0, 5, 3324.79
1552744126, 0, 13, 39, 30, 9, 1.17%, 2, 0, 5, 3193.91
1552744131, 0, 13, 42, 33, 9, 1.18%, 2, 0, 5, 3136.58
1552744136, 0, 22, 53, 42, 11, 1.27%, 4, 0, 5, 3418.47
1552744141, 0, 26, 56, 44, 14, 1.27%, 5, 0, 5, 3348.78
1552744146, 0, 28, 60, 46, 12, 1.30%, 7, 0, 6, 3329.51
1552744152, 0, 32, 66, 50, 11, 1.31%, 9, 0, 6, 3494.85
1552744157, 0, 42, 66, 46, 8, 1.31%, 9, 0, 6, 3451.29
1552744162, 0, 46, 71, 49, 6, 1.33%, 11, 0, 6, 3246.42
1552744167, 0, 46, 74, 52, 6, 1.33%, 11, 0, 6, 3504.04
1552744172, 0, 50, 75, 50, 4, 1.33%, 14, 0, 6, 3088.79
1552744177, 0, 72, 80, 52, 3, 1.44%, 14, 0, 7, 3031.44
1552744182, 0, 78, 84, 53, 5, 1.54%, 15, 0, 8, 3180.41
1552744187, 0, 78, 90, 59, 5, 1.55%, 18, 0, 8, 3524.67
1552744192, 0, 82, 91, 57, 3, 1.55%, 18, 0, 8, 3492.75
1552744197, 0, 85, 102, 66, 5, 1.66%, 22, 0, 9, 3542.42
1552744203, 0, 91, 106, 69, 6, 1.70%, 25, 0, 9, 3588.15
1552744208, 0, 93, 110, 71, 7, 1.70%, 26, 0, 10, 3612.92
1552744213, 0, 95, 113, 72, 6, 1.70%, 28, 0, 10, 3235.89
1552744218, 0, 100, 115, 73, 5, 1.70%, 28, 0, 10, 3443.30
1552744223, 0, 102, 118, 75, 4, 1.78%, 28, 0, 10, 3520.57
1552744228, 0, 107, 119, 73, 2, 1.78%, 28, 0, 11, 3491.74
1552744233, 0, 107, 123, 77, 2, 1.78%, 28, 0, 11, 3508.22
1552744238, 0, 117, 138, 91, 1, 1.97%, 32, 0, 11, 3498.73
1552744243, 0, 125, 143, 95, 7, 1.97%, 33, 0, 12, 3473.74
1552744248, 0, 127, 150, 100, 8, 2.04%, 34, 0, 12, 3503.73
1552744253, 0, 129, 152, 100, 7, 2.04%, 34, 0, 12, 3539.91
1552744258, 0, 137, 156, 103, 6, 2.18%, 35, 0, 12, 3684.96
1552744263, 0, 140, 158, 103, 7, 2.18%, 36, 0, 12, 3583.29
1552744269, 0, 141, 162, 106, 6, 2.18%, 38, 0, 13, 3579.53
1552744274, 0, 145, 165, 108, 7, 2.20%, 39, 0, 13, 3594.09
1552744279, 0, 152, 167, 108, 5, 2.21%, 39, 0, 13, 3454.79
1552744284, 0, 155, 182, 122, 5, 2.22%, 43, 0, 13, 3433.22
1552744289, 0, 158, 182, 121, 6, 2.22%, 43, 0, 13, 3517.12
1552744294, 0, 163, 189, 127, 5, 2.25%, 43, 0, 14, 3541.56
1552744299, 0, 173, 193, 129, 5, 2.25%, 44, 0, 14, 3531.81
1552744304, 0, 182, 196, 130, 3, 2.25%, 45, 0, 15, 3341.72
1552744309, 0, 184, 197, 129, 2, 2.25%, 45, 0, 15, 3439.39
1552744314, 0, 194, 199, 130, 1, 2.25%, 46, 0, 16, 3406.44
1552744319, 1, 16, 201, 129, 0, 2.25%, 46, 0, 16, 3666.40
1552744324, 1, 25, 201, 125, 0, 2.25%, 46, 0, 16, 3555.63
1552744329, 1, 49, 201, 122, 0, 2.25%, 46, 0, 16, 3611.61
1552744335, 1, 56, 204, 121, 0, 2.25%, 46, 0, 16, 3553.02
1552744340, 1, 70, 207, 122, 0, 2.25%, 46, 0, 16, 3247.03
1552744345, 1, 73, 211, 125, 0, 2.25%, 46, 0, 16, 3396.91
1552744350, 1, 73, 212, 126, 0, 2.25%, 46, 0, 16, 3385.04
1552744355, 1, 95, 212, 124, 0, 2.25%, 46, 0, 16, 3367.10
1552744360, 1, 97, 216, 128, 0, 2.25%, 46, 0, 16, 3469.06
1552744365, 1, 101, 216, 127, 0, 2.25%, 46, 0, 16, 3360.00
1552744370, 1, 109, 218, 127, 0, 2.25%, 46, 0, 16, 3157.17
1552744375, 1, 114, 220, 128, 0, 2.25%, 46, 0, 16, 3115.75
1552744380, 1, 115, 224, 131, 0, 2.25%, 46, 0, 16, 3199.38
1552744385, 1, 126, 224, 128, 0, 2.25%, 46, 0, 16, 3252.75
1552744390, 1, 142, 226, 128, 0, 2.25%, 47, 0, 16, 3330.91
1552744395, 1, 146, 228, 129, 0, 2.25%, 47, 0, 16, 3197.94
1552744400, 1, 165, 229, 128, 0, 2.25%, 48, 0, 16, 3157.15
1552744405, 1, 177, 231, 128, 0, 2.25%, 50, 0, 16, 3199.67
1552744410, 1, 177, 237, 134, 0, 2.25%, 50, 0, 16, 3089.90
1552744415, 1, 179, 238, 134, 0, 2.25%, 50, 0, 16, 3175.88
1552744420, 1, 189, 239, 134, 0, 2.25%, 50, 0, 16, 3225.55
1552744425, 1, 190, 239, 133, 0, 2.25%, 50, 0, 16, 3170.91
1552744430, 1, 191, 241, 134, 0, 2.25%, 50, 0, 16, 2994.32
1552744435, 1, 195, 245, 137, 0, 2.25%, 50, 0, 16, 3318.06
1552744446, 1, 199, 247, 138, 0, 2.25%, 50, 0, 17, 3246.23
1552744451, 1, 199, 249, 140, 0, 2.25%, 50, 0, 17, 3357.58
1552744456, 1, 203, 249, 138, 0, 2.25%, 50, 0, 17, 3285.07
1552744461, 1, 213, 250, 138, 0, 2.25%, 50, 0, 17, 3157.91
1552744466, 1, 232, 251, 137, 0, 2.25%, 50, 0, 17, 3414.90
1552744471, 1, 232, 253, 139, 0, 2.25%, 50, 0, 17, 3196.62
1552744476, 1, 232, 257, 143, 0, 2.25%, 50, 0, 17, 3292.97
1552744481, 1, 240, 259, 144, 0, 2.25%, 51, 0, 17, 2945.41
1552744486, 1, 240, 260, 145, 0, 2.25%, 52, 0, 17, 2770.18
1552744491, 1, 240, 263, 148, 0, 2.25%, 52, 0, 17, 3049.42
1552744496, 1, 243, 265, 149, 0, 2.25%, 52, 0, 17, 3084.19
1552744501, 1, 246, 266, 149, 0, 2.25%, 52, 0, 18, 3051.47
1552744506, 1, 248, 266, 148, 0, 2.25%, 52, 0, 18, 2992.51
1552744511, 1, 248, 267, 149, 0, 2.25%, 52, 0, 18, 2948.27
1552744516, 1, 248, 268, 150, 0, 2.25%, 52, 0, 18, 3247.03
1552744521, 1, 249, 270, 151, 0, 2.25%, 52, 0, 18, 3239.49
1552744527, 1, 251, 271, 151, 0, 2.25%, 52, 0, 18, 3054.12
1552744532, 1, 252, 271, 150, 0, 2.25%, 52, 0, 18, 3026.46
1552744542, 1, 255, 272, 150, 0, 2.25%, 52, 0, 18, 3021.87
1552744547, 1, 255, 273, 151, 0, 2.25%, 52, 0, 18, 3344.52
1552744552, 1, 264, 274, 151, 0, 2.25%, 52, 0, 18, 2903.25
1552744557, 1, 264, 275, 152, 0, 2.25%, 52, 0, 18, 3024.54
1552744562, 1, 271, 275, 151, 0, 2.25%, 53, 0, 18, 2634.93
1552744567, 1, 274, 277, 152, 0, 2.25%, 53, 0, 18, 2951.11
1552744572, 1, 274, 278, 153, 0, 2.25%, 53, 0, 18, 2966.48
1552744577, 1, 274, 279, 154, 0, 2.25%, 53, 0, 18, 3116.51
1552744582, 1, 277, 280, 154, 0, 2.25%, 53, 0, 19, 3013.59
1552744587, 1, 277, 281, 155, 0, 2.25%, 53, 0, 19, 2724.93
1552744592, 1, 280, 282, 155, 0, 2.25%, 53, 0, 20, 2871.86
1552744603, 2, 35, 282, 151, 0, 2.25%, 53, 0, 20, 3324.08
1552744608, 2, 53, 282, 148, 0, 2.25%, 53, 0, 20, 3445.67
1552744613, 2, 87, 282, 145, 0, 2.25%, 53, 0, 20, 3430.85
1552744618, 2, 121, 282, 144, 0, 2.25%, 53, 0, 20, 3458.56
1552744623, 2, 134, 282, 142, 0, 2.25%, 53, 0, 20, 3475.97
1552744628, 2, 151, 282, 140, 0, 2.25%, 53, 0, 20, 3344.25
1552744633, 2, 159, 282, 137, 0, 2.25%, 53, 0, 20, 3106.01
1552744638, 2, 167, 282, 135, 0, 2.25%, 53, 0, 20, 3203.93
1552744643, 2, 174, 282, 133, 0, 2.25%, 53, 0, 20, 3046.95
1552744648, 2, 178, 282, 132, 0, 2.25%, 53, 0, 20, 3001.53
1552744653, 2, 192, 282, 131, 0, 2.25%, 53, 0, 20, 3220.72
1552744658, 2, 200, 282, 130, 0, 2.25%, 53, 0, 20, 3066.20
1552744663, 2, 208, 282, 128, 0, 2.25%, 53, 0, 20, 3163.66
1552744668, 2, 215, 284, 129, 0, 2.25%, 53, 0, 20, 2919.92
1552744674, 2, 215, 287, 132, 0, 2.25%, 53, 0, 20, 3079.93
1552744679, 2, 216, 290, 134, 0, 2.25%, 53, 0, 20, 3215.35
1552744684, 2, 223, 290, 133, 0, 2.25%, 53, 0, 20, 3171.02
1552744689, 2, 236, 292, 134, 0, 2.25%, 53, 0, 20, 3153.56
1552744694, 2, 236, 294, 136, 0, 2.25%, 53, 0, 20, 3110.90
1552744699, 2, 256, 295, 136, 0, 2.25%, 53, 0, 20, 3696.17
1552744704, 2, 259, 297, 137, 0, 2.25%, 53, 0, 20, 3764.04
