# unix_time, cycles_done, cur_path, paths_total, pending_total, pending_favs, map_size, unique_crashes, unique_hangs, max_depth, execs_per_sec
1552744843, 0, 0, 2, 2, 2, 0.29%, 0, 0, 1, 640.00
1552744848, 0, 5, 14, 9, 4, 0.43%, 0, 0, 3, 3938.70
1552744853, 0, 10, 19, 11, 1, 0.47%, 1, 0, 4, 3256.73
1552744858, 0, 15, 22, 12, 2, 0.53%, 2, 0, 5, 2170.05
1552744863, 1, 18, 28, 15, 0, 0.56%, 3, 0, 5, 2447.33
1552744868, 1, 26, 32, 18, 1, 0.62%, 4, 0, 6, 3243.60
1552744873, 1, 28, 34, 19, 1, 0.66%, 4, 0, 7, 3146.01
1552744878, 1, 28, 36, 21, 1, 0.66%, 5, 0, 7, 3111.44
1552744883, 1, 32, 42, 26, 1, 0.72%, 7, 0, 8, 2780.70
1552744888, 1, 32, 45, 29, 1, 0.72%, 7, 0, 8, 3120.29
1552744893, 1, 37, 47, 30, 2, 0.79%, 7, 0, 9, 3264.62
1552744899, 1, 43, 53, 35, 2, 0.81%, 7, 0, 9, 2995.60
1552744904, 1, 43, 56, 38, 2, 0.91%, 7, 0, 9, 3265.32
1552744909, 1, 46, 61, 42, 4, 0.99%, 7, 0, 10, 3023.05
1552744914, 1, 46, 70, 51, 4, 1.05%, 7, 0, 10, 3263.37
1552744919, 1, 49, 74, 54, 6, 1.05%, 7, 0, 10, 3167.26
1552744924, 1, 56, 102, 81, 6, 1.20%, 10, 0, 10, 3204.08
1552744929, 1, 60, 106, 84, 10, 1.33%, 11, 0, 10, 3360.44
1552744934, 1, 60, 110, 88, 10, 1.39%, 12, 0, 11, 3472.76
1552744939, 1, 62, 114, 91, 13, 1.43%, 15, 0, 11, 3404.00
1552744944, 1, 67, 117, 93, 14, 1.43%, 15, 0, 11, 3452.92
1552744949, 1, 68, 123, 98, 13, 1.43%, 16, 0, 11, 3349.76
1552744954, 1, 72, 130, 104, 12, 1.57%, 16, 0, 11, 3253.85
1552744959, 1, 72, 133, 107, 12, 1.57%, 16, 0, 11, 3279.85
1552744964, 1, 81, 139, 112, 13, 1.62%, 16, 0, 11, 3161.33
1552744969, 1, 81, 150, 123, 13, 1.67%, 16, 0, 11, 3289.27
1552744974, 1, 94, 152, 124, 15, 1.71%, 16, 0, 11, 3137.41
1552744979, 1, 94, 161, 133, 15, 1.75%, 17, 0, 11, 3241.50
1552744984, 1, 102, 166, 137, 19, 1.78%, 19, 0, 11, 3316.95
1552744989, 1, 106, 169, 138, 21, 1.81%, 19, 0, 11, 3271.52
1552744995, 1, 110, 173, 141, 20, 1.84%, 19, 0, 12, 3388.93
1552745005, 1, 112, 174, 140, 20, 1.84%, 19, 0, 12, 3326.08
1552745010, 1, 121, 177, 141, 19, 1.89%, 19, 0, 12, 3476.82
1552745015, 1, 121, 185, 149, 19, 1.97%, 19, 0, 12, 3222.44
1552745020, 1, 126, 200, 163, 23, 2.13%, 20, 0, 12, 3174.47
1552745025, 1, 126, 209, 172, 23, 2.14%, 20, 0, 12, 3224.36
1552745030, 1, 133, 213, 175, 27, 2.14%, 20, 0, 12, 3106.94
1552745035, 1, 133, 216, 178, 27, 2.15%, 20, 0, 12, 3229.20
1552745040, 1, 140, 241, 202, 27, 2.29%, 21, 0, 12, 3074.63
1552745045, 1, 140, 251, 212, 27, 2.34%, 22, 0, 12, 3321.94
1552745050, 1, 148, 255, 215, 38, 2.40%, 22, 0, 12, 3066.93
1552745055, 1, 149, 257, 216, 38, 2.44%, 23, 0, 12, 2945.78
1552745060, 1, 149, 259, 218, 38, 2.45%, 23, 0, 12, 2742.60
1552745065, 1, 153, 264, 222, 40, 2.52%, 23, 0, 12, 1540.88
1552745076, 1, 164, 269, 226, 39, 2.54%, 23, 0, 12, 2846.20
1552745086, 1, 166, 274, 230, 38, 2.54%, 23, 0, 12, 3349.16
1552745091, 1, 167, 277, 232, 39, 2.55%, 23, 0, 12, 3417.94
1552745096, 1, 167, 279, 234, 39, 2.56%, 23, 0, 12, 3353.12
1552745101, 1, 170, 281, 234, 39, 2.56%, 24, 0, 13, 3277.84
1552745106, 1, 170, 285, 238, 39, 2.58%, 24, 0, 13, 3423.51
1552745111, 1, 174, 296, 248, 39, 2.64%, 25, 0, 13, 3414.75
1552745116, 1, 174, 299, 251, 39, 2.64%, 25, 0, 13, 3353.07
1552745121, 1, 176, 301, 252, 40, 2.64%, 26, 0, 13, 3257.15
1552745126, 1, 177, 303, 253, 40, 2.64%, 28, 0, 13, 3178.82
1552745131, 1, 186, 308, 257, 39, 2.68%, 29, 0, 13, 3060.25
1552745136, 1, 186, 309, 258, 39, 2.68%, 29, 0, 13, 3273.03
1552745142, 1, 191, 312, 260, 39, 2.69%, 29, 0, 13, 3076.97
1552745147, 1, 198, 320, 267, 39, 2.74%, 29, 0, 13, 2948.70
1552745152, 1, 202, 331, 277, 41, 2.76%, 29, 0, 13, 3193.87
1552745157, 1, 202, 337, 283, 41, 2.76%, 30, 0, 13, 3142.03
1552745162, 1, 217, 340, 285, 40, 2.76%, 31, 0, 13, 3147.60
1552745167, 1, 217, 344, 289, 40, 2.76%, 31, 0, 13, 3272.19
1552745172, 1, 219, 353, 297, 39, 2.83%, 32, 0, 13, 3082.80
1552745177, 1, 219, 361, 305, 39, 2.86%, 32, 0, 13, 3373.10
1552745182, 1, 221, 364, 307, 43, 2.93%, 32, 0, 13, 3217.54
1552745187, 1, 221, 370, 313, 43, 3.00%, 33, 0, 13, 3421.03
1552745192, 1, 223, 377, 319, 43, 3.00%, 33, 0, 13, 3250.76
1552745197, 1, 223, 379, 321, 43, 3.00%, 34, 0, 13, 3426.72
1552745203, 1, 224, 383, 324, 43, 3.01%, 34, 0, 13, 3323.04
1552745208, 1, 224, 384, 325, 43, 3.01%, 34, 0, 13, 3434.68
1552745213, 1, 230, 384, 323, 43, 3.01%, 35, 0, 13, 3149.96
1552745218, 1, 241, 384, 322, 42, 3.01%, 35, 0, 13, 3090.93
1552745223, 1, 247, 388, 325, 41, 3.02%, 36, 0, 13, 2902.93
1552745228, 1, 249, 392, 328, 41, 3.05%, 37, 0, 13, 2803.10
1552745233, 1, 249, 397, 333, 41, 3.05%, 37, 0, 13, 2769.92
1552745238, 1, 249, 404, 340, 41, 3.05%, 37, 0, 13, 2846.39
1552745243, 1, 254, 405, 340, 40, 3.06%, 37, 0, 13, 3002.49
1552745248, 1, 256, 410, 344, 40, 3.09%, 38, 0, 13, 2827.77
1552745253, 1, 258, 410, 343, 41, 3.09%, 39, 0, 13, 2678.87
1552745258, 1, 263, 413, 345, 40, 3.10%, 40, 0, 13, 2926.81
1552745263, 1, 265, 414, 345, 38, 3.10%, 40, 0, 13, 2901.51
1552745268, 1, 266, 416, 346, 37, 3.11%, 41, 0, 13, 3244.64
1552745274, 1, 269, 419, 347, 39, 3.14%, 41, 0, 13, 3169.51
1552745279, 1, 275, 423, 350, 38, 3.16%, 41, 0, 13, 3332.97
1552745284, 1, 280, 423, 349, 39, 3.16%, 41, 0, 13, 3300.77
1552745289, 1, 284, 433, 358, 38, 3.18%, 43, 0, 14, 2919.36
1552745294, 1, 284, 439, 364, 38, 3.20%, 43, 0, 14, 2951.13
1552745299, 1, 288, 441, 365, 41, 3.20%, 43, 0, 14, 3187.79
1552745304, 1, 294, 442, 365, 40, 3.20%, 43, 0, 14, 3177.47
1552745309, 1, 304, 443, 365, 39, 3.20%, 43, 0, 14, 3045.88
1552745314, 1, 304, 445, 367, 39, 3.21%, 44, 0, 14, 3208.14
1552745319, 1, 305, 447, 368, 39, 3.21%, 45, 0, 14, 3207.98
1552745324, 1, 311, 447, 367, 38, 3.21%, 45, 0, 14, 3015.11
1552745329, 1, 313, 450, 369, 37, 3.21%, 45, 0, 14, 2989.20
1552745334, 1, 315, 452, 370, 36, 3.21%, 46, 0, 14, 2676.43
1552745339, 1, 315, 453, 371, 36, 3.22%, 46, 0, 14, 3034.15
1552745344, 1, 317, 454, 371, 36, 3.22%, 46, 0, 14, 2918.68
1552745349, 1, 340, 455, 371, 35, 3.22%, 47, 0, 14, 3060.85
1552745354, 1, 340, 456, 372, 35, 3.22%, 47, 0, 14, 3069.75
1552745359, 1, 350, 457, 372, 35, 3.23%, 47, 0, 14, 2815.10
1552745364, 1, 350, 461, 376, 35, 3.23%, 47, 0, 14, 3190.12
1552745370, 1, 352, 463, 376, 34, 3.29%, 48, 0, 14, 3065.39
1552745375, 1, 352, 467, 380, 34, 3.30%, 48, 0, 14, 3245.05
1552745380, 1, 355, 473, 385, 39, 3.36%, 48, 0, 14, 3042.74
1552745385, 1, 355, 477, 389, 39, 3.38%, 49, 0, 14, 3182.28
1552745390, 1, 361, 485, 396, 44, 3.41%, 49, 0, 14, 3081.98
1552745395, 1, 361, 487, 398, 44, 3.41%, 49, 0, 14, 3208.55
1552745400, 1, 363, 501, 411, 43, 3.49%, 55, 0, 14, 3115.16
1552745405, 1, 363, 507, 417, 43, 3.54%, 55, 0, 14, 3106.88
1552745410, 1, 363, 524, 434, 43, 3.57%, 55, 0, 14, 3141.34
1552745415, 1, 365, 535, 444, 48, 3.65%, 56, 0, 14, 3359.21
1552745420, 1, 366, 541, 449, 49, 3.74%, 58, 0, 14, 3254.26
1552745425, 1, 366, 545, 453, 49, 3.81%, 59, 0, 14, 3370.77
1552745430, 1, 379, 546, 453, 56, 3.83%, 60, 0, 14, 3190.23
1552745436, 1, 382, 549, 455, 55, 3.85%, 60, 0, 14, 3081.15
1552745441, 1, 382, 552, 458, 55, 3.85%, 60, 0, 14, 3072.35
