# unix_time, cycles_done, cur_path, paths_total, pending_total, pending_favs, map_size, unique_crashes, unique_hangs, max_depth, execs_per_sec
1552746125, 0, 0, 3, 3, 3, 0.51%, 0, 0, 1, 705.88
1552746130, 0, 0, 14, 14, 3, 0.80%, 0, 0, 2, 2338.09
1552746135, 0, 0, 15, 15, 3, 0.84%, 0, 0, 2, 2751.23
1552746140, 0, 7, 22, 17, 9, 0.99%, 0, 0, 3, 2618.59
1552746145, 0, 7, 24, 19, 9, 1.00%, 0, 0, 3, 2816.27
1552746150, 0, 13, 27, 19, 9, 1.02%, 0, 0, 3, 2655.25
1552746155, 0, 25, 34, 17, 5, 1.24%, 0, 0, 4, 2913.77
1552746160, 0, 28, 42, 24, 6, 1.30%, 0, 0, 5, 2989.50
1552746165, 0, 28, 44, 26, 6, 1.30%, 0, 0, 5, 2858.94
1552746170, 0, 29, 51, 32, 5, 1.36%, 0, 0, 5, 2800.38
1552746175, 0, 29, 53, 34, 5, 1.36%, 0, 0, 5, 2879.48
1552746180, 0, 30, 53, 33, 8, 1.36%, 0, 0, 5, 3106.82
1552746186, 0, 46, 56, 31, 4, 1.38%, 0, 0, 5, 3383.83
1552746191, 0, 57, 63, 34, 3, 1.57%, 0, 0, 7, 3281.01
1552746196, 0, 57, 71, 42, 3, 1.68%, 0, 0, 7, 3287.47
1552746201, 0, 59, 76, 45, 4, 1.74%, 0, 0, 7, 3113.75
1552746206, 0, 59, 83, 52, 4, 1.99%, 0, 0, 7, 3171.41
1552746211, 0, 61, 85, 53, 8, 1.99%, 0, 0, 7, 3109.00
1552746216, 0, 65, 92, 58, 8, 2.14%, 0, 0, 8, 3430.74
1552746221, 0, 65, 94, 60, 8, 2.14%, 0, 0, 8, 3089.54
1552746226, 0, 68, 101, 66, 9, 2.38%, 0, 0, 8, 3205.87
1552746231, 0, 78, 110, 73, 9, 2.57%, 0, 0, 8, 3157.23
1552746236, 0, 78, 122, 85, 9, 2.86%, 0, 0, 8, 3307.99
1552746241, 0, 86, 123, 85, 11, 2.86%, 0, 0, 8, 3204.66
1552746246, 0, 86, 133, 95, 11, 2.94%, 0, 0, 9, 3420.79
1552746251, 0, 87, 137, 98, 11, 2.94%, 0, 0, 9, 3341.12
1552746257, 0, 88, 143, 103, 10, 3.28%, 0, 0, 9, 3334.73
1552746262, 0, 94, 153, 112, 13, 3.53%, 0, 0, 9, 3278.31
1552746267, 0, 94, 160, 119, 13, 3.60%, 0, 0, 9, 3323.74
1552746272, 0, 97, 163, 121, 17, 3.73%, 0, 0, 9, 3194.09
1552746277, 0, 106, 174, 131, 17, 3.98%, 0, 0, 9, 3321.65
1552746282, 0, 109, 185, 141, 20, 4.01%, 0, 0, 9, 3090.78
1552746287, 0, 109, 203, 159, 20, 4.12%, 0, 0, 9, 3188.39
1552746292, 0, 115, 217, 172, 23, 4.39%, 0, 0, 9, 2967.41
1552746297, 0, 115, 224, 179, 23, 4.39%, 0, 0, 9, 3190.07
1552746302, 0, 123, 234, 188, 25, 4.39%, 0, 0, 10, 3072.01
1552746307, 0, 123, 236, 190, 25, 4.39%, 0, 0, 10, 3327.97
1552746312, 0, 138, 257, 209, 24, 4.93%, 0, 0, 10, 2982.40
1552746317, 0, 138, 268, 220, 24, 4.93%, 0, 0, 10, 3173.57
1552746322, 0, 146, 276, 227, 27, 5.20%, 0, 0, 10, 3207.32
1552746327, 0, 147, 276, 226, 29, 5.20%, 0, 0, 10, 14.33
1552746333, 0, 151, 284, 233, 28, 5.42%, 0, 0, 10, 3298.84
1552746338, 0, 157, 290, 238, 33, 5.59%, 0, 0, 10, 3187.69
1552746343, 0, 157, 296, 244, 33, 5.67%, 0, 0, 10, 3232.65
1552746348, 0, 161, 298, 245, 34, 5.67%, 0, 0, 10, 3012.39
1552746353, 0, 164, 312, 258, 34, 5.86%, 0, 0, 10, 3210.82
1552746358, 0, 165, 318, 263, 34, 5.96%, 0, 0, 10, 3221.50
1552746363, 0, 165, 323, 268, 34, 6.01%, 0, 0, 10, 3340.81
1552746368, 0, 175, 326, 269, 35, 6.01%, 0, 0, 10, 3344.73
1552746373, 0, 177, 330, 272, 35, 6.05%, 0, 0, 10, 2998.19
1552746379, 0, 179, 334, 275, 35, 6.08%, 0, 0, 10, 3111.77
1552746384, 0, 179, 340, 281, 35, 6.14%, 0, 0, 10, 3214.03
1552746389, 0, 184, 342, 281, 38, 6.19%, 0, 0, 10, 2921.55
1552746394, 0, 186, 349, 287, 37, 6.29%, 0, 0, 10, 2675.18
1552746399, 0, 186, 359, 297, 37, 6.34%, 0, 0, 10, 2962.97
1552746404, 0, 214, 364, 300, 37, 6.49%, 0, 0, 10, 2893.78
1552746409, 0, 214, 369, 305, 37, 6.49%, 0, 0, 10, 3113.49
1552746414, 0, 228, 372, 307, 38, 6.50%, 0, 0, 10, 3006.75
1552746419, 0, 232, 377, 311, 38, 6.52%, 0, 0, 11, 3052.76
1552746424, 0, 232, 385, 319, 38, 6.63%, 0, 0, 11, 3231.32
1552746429, 0, 239, 395, 328, 39, 6.71%, 0, 0, 11, 3079.45
1552746434, 0, 239, 405, 338, 39, 6.72%, 0, 0, 11, 3096.84
1552746439, 0, 240, 416, 348, 42, 6.78%, 0, 0, 11, 3048.18
1552746444, 0, 242, 421, 352, 46, 6.79%, 0, 0, 11, 2966.61
1552746450, 0, 244, 424, 354, 45, 6.83%, 0, 0, 11, 3080.53
1552746455, 0, 268, 427, 355, 45, 6.87%, 0, 0, 11, 2991.84
1552746460, 0, 268, 432, 360, 45, 6.94%, 0, 0, 11, 3312.14
1552746465, 0, 274, 439, 365, 47, 7.01%, 0, 0, 11, 3113.80
1552746470, 0, 274, 449, 375, 47, 7.02%, 0, 0, 11, 3276.91
1552746475, 0, 275, 461, 386, 50, 7.21%, 0, 0, 11, 3043.79
1552746480, 0, 275, 471, 396, 50, 7.23%, 0, 0, 11, 3226.88
1552746485, 0, 278, 475, 398, 52, 7.31%, 0, 0, 11, 3260.80
1552746490, 0, 278, 479, 402, 52, 7.31%, 0, 0, 11, 3428.60
1552746495, 0, 279, 487, 409, 53, 7.56%, 0, 0, 11, 3392.59
1552746500, 0, 284, 498, 418, 56, 7.60%, 0, 0, 11, 3003.88
1552746505, 0, 284, 505, 425, 56, 7.60%, 0, 0, 11, 3119.08
1552746510, 0, 287, 509, 428, 55, 7.62%, 0, 0, 11, 2976.14
1552746516, 0, 295, 513, 431, 56, 7.63%, 1, 0, 11, 2806.03
1552746521, 0, 295, 520, 438, 56, 7.64%, 1, 0, 11, 3032.93
1552746526, 0, 308, 531, 447, 57, 7.80%, 1, 0, 11, 2854.23
1552746531, 0, 308, 538, 454, 57, 7.86%, 1, 0, 11, 3174.34
1552746536, 0, 323, 549, 464, 58, 7.98%, 1, 0, 11, 2930.28
1552746541, 0, 323, 559, 474, 58, 7.99%, 1, 0, 11, 3105.33
1552746546, 0, 326, 564, 478, 61, 7.99%, 1, 0, 11, 3122.16
1552746551, 0, 332, 566, 479, 60, 7.99%, 1, 0, 11, 2886.46
1552746556, 0, 340, 575, 487, 59, 8.30%, 1, 0, 11, 2887.12
1552746561, 0, 340, 586, 498, 59, 8.54%, 1, 0, 11, 3096.82
1552746566, 0, 341, 591, 502, 65, 8.62%, 1, 0, 11, 3008.33
1552746571, 0, 341, 595, 506, 65, 8.62%, 1, 0, 11, 3094.97
1552746576, 0, 342, 600, 510, 65, 8.73%, 1, 0, 11, 2791.72
1552746582, 0, 342, 603, 513, 65, 8.75%, 1, 0, 11, 2962.85
1552746587, 0, 347, 606, 515, 65, 8.76%, 1, 0, 11, 2751.99
1552746592, 0, 347, 608, 517, 65, 8.76%, 1, 0, 11, 2842.21
1552746597, 0, 348, 615, 523, 65, 8.84%, 1, 0, 11, 2725.61
1552746602, 0, 356, 617, 524, 66, 8.84%, 1, 0, 11, 2646.04
1552746607, 0, 361, 622, 528, 66, 8.89%, 1, 0, 11, 2808.65
1552746612, 0, 361, 626, 532, 66, 8.90%, 1, 0, 11, 3077.29
1552746617, 0, 362, 630, 535, 69, 8.90%, 1, 0, 11, 3003.73
1552746622, 0, 362, 634, 539, 69, 8.90%, 1, 0, 11, 3162.11
1552746627, 0, 367, 636, 539, 68, 8.90%, 1, 0, 11, 2925.99
1552746632, 0, 371, 637, 539, 67, 9.11%, 1, 0, 11, 2917.71
1552746637, 0, 376, 639, 539, 66, 9.12%, 1, 0, 12, 3092.83
1552746642, 0, 388, 640, 538, 65, 9.12%, 1, 0, 12, 3053.54
1552746647, 0, 392, 641, 537, 63, 9.12%, 1, 0, 12, 2911.41
1552746653, 0, 392, 647, 543, 63, 9.12%, 1, 0, 12, 3099.98
1552746658, 0, 403, 650, 545, 63, 9.21%, 1, 0, 12, 3002.43
1552746663, 0, 403, 654, 549, 63, 9.22%, 1, 0, 12, 3166.49
1552746668, 0, 406, 660, 554, 65, 9.23%, 1, 0, 12, 3126.23
1552746673, 0, 406, 661, 555, 65, 9.24%, 1, 0, 12, 3216.84
1552746678, 0, 408, 662, 554, 64, 9.25%, 1, 0, 12, 2954.20
1552746683, 0, 408, 667, 559, 64, 9.33%, 1, 0, 12, 3143.52
1552746688, 0, 412, 667, 558, 63, 9.33%, 1, 0, 12, 3068.53
1552746693, 0, 416, 672, 562, 62, 9.42%, 1, 0, 12, 3110.24
1552746698, 0, 424, 672, 561, 62, 9.42%, 1, 0, 12, 3436.19
1552746703, 0, 437, 676, 562, 60, 9.47%, 1, 0, 12, 3548.80
1552746709, 0, 447, 676, 560, 58, 9.47%, 1, 0, 12, 3607.78
1552746714, 0, 453, 679, 560, 57, 9.47%, 1, 0, 12, 3664.27
1552746719, 0, 458, 682, 562, 57, 9.48%, 1, 0, 12, 3768.64
1552746724, 0, 466, 685, 564, 56, 9.48%, 1, 0, 12, 3329.06
