# unix_time, cycles_done, cur_path, paths_total, pending_total, pending_favs, map_size, unique_crashes, unique_hangs, max_depth, execs_per_sec
1552754800, 0, 0, 2, 2, 2, 0.39%, 0, 0, 1, 484.85
1552754805, 0, 0, 10, 10, 2, 0.85%, 0, 0, 2, 3311.72
1552754810, 0, 3, 11, 8, 6, 0.85%, 0, 0, 2, 3648.68
1552754815, 0, 11, 19, 10, 1, 1.45%, 0, 0, 4, 3546.02
1552754820, 0, 11, 23, 14, 1, 1.50%, 0, 0, 4, 3370.16
1552754826, 0, 17, 37, 24, 3, 1.63%, 0, 0, 5, 3145.69
1552754831, 0, 17, 44, 31, 3, 1.70%, 0, 0, 5, 3141.14
1552754836, 0, 32, 48, 33, 4, 1.77%, 0, 0, 6, 2997.31
1552754841, 0, 32, 56, 41, 4, 1.77%, 0, 0, 6, 3164.16
1552754846, 0, 36, 59, 43, 5, 1.77%, 0, 0, 6, 3000.85
1552754851, 0, 36, 60, 44, 5, 1.77%, 0, 0, 6, 3096.81
1552754856, 0, 44, 66, 49, 4, 1.84%, 0, 0, 6, 3374.83
1552754861, 0, 44, 68, 51, 4, 1.84%, 0, 0, 6, 3323.45
1552754866, 0, 47, 69, 50, 4, 1.84%, 0, 0, 6, 2873.08
1552754871, 0, 58, 72, 52, 4, 1.96%, 0, 0, 7, 235.69
1552754876, 0, 62, 77, 55, 2, 2.14%, 0, 0, 7, 3176.53
1552754881, 0, 62, 82, 60, 2, 2.14%, 0, 0, 7, 3103.92
1552754886, 0, 62, 84, 62, 2, 2.14%, 0, 0, 7, 3175.90
1552754891, 0, 69, 107, 84, 2, 2.47%, 0, 0, 8, 2904.61
1552754896, 0, 75, 112, 88, 5, 2.47%, 0, 0, 8, 2881.94
1552754901, 0, 75, 117, 93, 5, 2.47%, 0, 0, 8, 3135.65
1552754906, 0, 75, 118, 94, 5, 2.47%, 0, 0, 8, 3124.34
1552754911, 0, 89, 120, 95, 4, 2.47%, 0, 0, 9, 2931.26
1552754916, 0, 93, 129, 103, 3, 2.55%, 0, 0, 9, 2896.68
1552754921, 0, 93, 135, 109, 3, 2.55%, 0, 0, 9, 2810.68
1552754927, 0, 97, 143, 116, 4, 2.62%, 0, 0, 9, 2623.59
1552754932, 0, 97, 148, 121, 4, 2.62%, 0, 0, 9, 2833.72
1552754937, 0, 105, 149, 121, 5, 2.62%, 0, 0, 9, 2728.44
1552754942, 0, 127, 155, 126, 4, 2.71%, 0, 0, 10, 2916.33
1552754947, 0, 128, 160, 130, 5, 2.81%, 0, 0, 10, 3039.52
1552754952, 0, 137, 160, 129, 5, 2.81%, 0, 0, 10, 2575.62
1552754957, 0, 137, 163, 132, 5, 2.81%, 0, 0, 10, 2887.95
1552754962, 0, 140, 163, 131, 4, 2.81%, 0, 0, 10, 2526.14
1552754967, 0, 140, 165, 133, 4, 2.81%, 0, 0, 10, 2844.29
1552754972, 0, 142, 166, 133, 3, 2.81%, 0, 0, 10, 2735.54
1552754977, 0, 156, 177, 143, 3, 2.90%, 0, 0, 11, 2847.81
1552754983, 0, 156, 181, 147, 3, 2.96%, 0, 0, 11, 2964.35
1552754988, 0, 158, 187, 151, 4, 3.03%, 0, 0, 11, 2661.73
1552754993, 0, 161, 189, 152, 3, 3.03%, 0, 0, 11, 2476.07
1552754998, 0, 169, 192, 154, 3, 3.08%, 0, 0, 12, 2660.20
1552755003, 0, 183, 193, 154, 3, 3.08%, 0, 0, 12, 2581.54
1552755008, 0, 191, 195, 155, 2, 3.09%, 0, 0, 13, 2646.91
1552755013, 0, 191, 201, 161, 2, 3.09%, 0, 0, 13, 2885.78
1552755018, 0, 194, 202, 161, 2, 3.09%, 0, 0, 13, 2259.30
1552755023, 0, 194, 204, 163, 2, 3.16%, 0, 0, 14, 2135.87
1552755028, 0, 194, 207, 166, 2, 3.18%, 0, 0, 14, 2533.65
1552755033, 0, 198, 208, 166, 4, 3.18%, 0, 0, 14, 2051.91
1552755039, 0, 203, 209, 166, 3, 3.18%, 0, 0, 14, 2060.48
1552755044, 0, 203, 210, 167, 3, 3.26%, 0, 0, 15, 2034.59
1552755049, 0, 206, 210, 165, 2, 3.26%, 0, 0, 15, 2153.36
1552755054, 0, 206, 213, 168, 2, 3.26%, 0, 0, 15, 2089.44
1552755064, 0, 206, 215, 170, 2, 3.26%, 0, 0, 15, 2250.48
1552755069, 0, 209, 225, 179, 1, 3.59%, 0, 0, 16, 1963.89
1552755074, 0, 209, 229, 183, 1, 3.59%, 0, 0, 16, 2061.75
1552755079, 0, 209, 231, 185, 1, 3.59%, 0, 0, 16, 2138.00
1552755084, 0, 209, 233, 187, 1, 3.59%, 0, 0, 16, 2269.36
1552755090, 0, 220, 239, 192, 5, 3.64%, 0, 0, 17, 1897.61
1552755095, 0, 220, 245, 198, 5, 3.70%, 0, 0, 17, 2205.46
1552755105, 0, 222, 254, 206, 4, 3.94%, 0, 0, 17, 1963.88
1552755110, 0, 222, 267, 219, 4, 4.29%, 0, 0, 17, 2071.56
1552755115, 0, 222, 271, 223, 4, 4.29%, 0, 0, 17, 2115.96
1552755120, 0, 222, 274, 226, 4, 4.29%, 0, 0, 17, 2401.65
1552755125, 0, 223, 276, 227, 6, 4.32%, 0, 0, 17, 2169.70
1552755130, 0, 234, 278, 228, 7, 4.42%, 0, 0, 18, 1904.63
1552755135, 0, 244, 281, 230, 8, 4.50%, 0, 0, 18, 2012.73
1552755146, 0, 244, 287, 236, 8, 4.64%, 0, 0, 18, 2088.89
1552755151, 0, 244, 288, 237, 8, 4.64%, 0, 0, 18, 2178.30
1552755156, 0, 262, 300, 248, 9, 4.77%, 0, 0, 18, 2044.58
1552755161, 0, 262, 303, 251, 9, 4.77%, 0, 0, 18, 2092.19
1552755166, 0, 262, 307, 255, 9, 5.13%, 0, 0, 18, 2275.47
1552755171, 0, 266, 310, 257, 12, 5.16%, 0, 0, 18, 2370.10
1552755176, 0, 266, 318, 265, 12, 5.41%, 0, 0, 18, 1921.50
1552755181, 0, 266, 323, 270, 12, 5.46%, 0, 0, 18, 1921.23
1552755187, 0, 266, 331, 278, 12, 5.54%, 0, 0, 18, 1874.20
1552755192, 0, 266, 335, 282, 12, 5.78%, 0, 0, 18, 2121.06
1552755197, 0, 275, 337, 283, 21, 5.78%, 0, 0, 18, 1981.76
1552755207, 0, 276, 338, 283, 20, 5.80%, 0, 0, 19, 1899.30
1552755212, 0, 277, 339, 283, 20, 5.80%, 0, 0, 19, 1921.59
1552755217, 0, 279, 340, 283, 20, 5.81%, 0, 0, 19, 1912.67
1552755227, 0, 285, 358, 300, 20, 6.40%, 0, 0, 19, 1740.91
1552755232, 0, 285, 365, 307, 20, 6.41%, 0, 0, 19, 1861.21
1552755237, 0, 285, 372, 314, 20, 6.41%, 0, 0, 19, 2248.87
1552755243, 0, 285, 383, 325, 20, 6.44%, 0, 0, 19, 2247.41
1552755248, 0, 290, 385, 326, 26, 6.44%, 0, 0, 19, 1983.20
1552755253, 0, 290, 386, 327, 26, 6.44%, 0, 0, 19, 2065.31
1552755258, 0, 290, 388, 329, 26, 6.44%, 0, 0, 19, 2174.66
1552755268, 0, 291, 388, 328, 26, 6.44%, 0, 0, 19, 2057.00
1552755273, 0, 295, 388, 327, 25, 6.44%, 0, 0, 19, 2005.90
1552755283, 0, 303, 403, 341, 24, 6.55%, 0, 0, 19, 1824.65
1552755289, 0, 303, 409, 347, 24, 6.66%, 0, 0, 19, 2145.76
1552755294, 0, 306, 427, 364, 27, 7.10%, 0, 0, 19, 2152.55
1552755299, 0, 306, 436, 373, 27, 7.16%, 0, 0, 19, 1967.65
1552755304, 0, 306, 439, 376, 27, 7.21%, 0, 0, 19, 2244.38
1552755314, 0, 309, 441, 377, 33, 7.21%, 0, 0, 19, 2091.46
1552755319, 0, 309, 443, 379, 33, 7.24%, 0, 0, 19, 1989.32
1552755324, 0, 309, 445, 381, 33, 7.24%, 0, 0, 19, 2163.26
1552755329, 0, 309, 447, 383, 33, 7.24%, 0, 0, 19, 2251.68
1552755334, 0, 314, 448, 383, 33, 7.25%, 0, 0, 19, 2090.25
1552755344, 0, 317, 449, 383, 33, 7.25%, 0, 0, 19, 2063.56
1552755355, 0, 325, 455, 388, 32, 7.48%, 0, 0, 19, 1976.06
1552755360, 0, 325, 460, 393, 32, 7.54%, 0, 0, 19, 1813.79
1552755365, 0, 325, 461, 394, 32, 7.54%, 0, 0, 19, 1859.53
1552755370, 0, 325, 467, 400, 32, 7.54%, 0, 0, 19, 2130.60
1552755375, 0, 325, 470, 403, 32, 7.54%, 0, 0, 19, 2234.56
1552755380, 0, 329, 477, 409, 36, 7.80%, 0, 0, 19, 2077.32
1552755385, 0, 329, 480, 412, 36, 7.87%, 0, 0, 19, 1887.33
1552755390, 0, 329, 481, 413, 36, 7.87%, 0, 0, 19, 2005.37
1552755395, 0, 330, 485, 416, 38, 7.97%, 0, 0, 19, 1842.27
1552755400, 0, 330, 487, 418, 38, 7.97%, 0, 0, 19, 1799.54
