# unix_time, cycles_done, cur_path, paths_total, pending_total, pending_favs, map_size, unique_crashes, unique_hangs, max_depth, execs_per_sec
1552755662, 0, 0, 3, 3, 3, 0.44%, 0, 0, 1, 857.14
1552755668, 0, 2, 17, 15, 6, 1.01%, 0, 0, 2, 4622.45
1552755673, 0, 7, 20, 13, 8, 1.04%, 0, 0, 3, 4297.63
1552755678, 0, 11, 27, 16, 5, 1.09%, 0, 0, 3, 3556.42
1552755683, 0, 11, 29, 18, 5, 1.09%, 0, 0, 3, 3431.88
1552755688, 0, 19, 34, 19, 5, 1.25%, 0, 0, 4, 3637.60
1552755693, 0, 26, 43, 24, 6, 1.29%, 2, 0, 4, 3584.09
1552755698, 0, 26, 45, 26, 6, 1.29%, 2, 0, 4, 3647.38
1552755703, 0, 32, 52, 32, 5, 1.34%, 2, 0, 5, 3349.70
1552755708, 0, 32, 56, 36, 5, 1.47%, 2, 0, 5, 3411.21
1552755713, 0, 35, 57, 35, 7, 1.47%, 2, 0, 5, 3323.63
1552755718, 0, 47, 61, 36, 4, 1.61%, 2, 0, 6, 3536.31
1552755723, 0, 53, 69, 42, 6, 1.73%, 2, 0, 6, 3330.11
1552755728, 0, 53, 73, 46, 6, 1.73%, 2, 0, 6, 3307.81
1552755733, 0, 62, 80, 49, 7, 1.93%, 2, 0, 7, 3175.82
1552755738, 0, 62, 85, 54, 7, 2.02%, 2, 0, 7, 3568.85
1552755743, 0, 73, 86, 53, 8, 2.04%, 2, 0, 7, 3452.35
1552755748, 0, 80, 93, 55, 5, 2.59%, 8, 0, 8, 3299.30
1552755753, 0, 85, 100, 61, 8, 2.59%, 8, 0, 8, 3292.65
1552755759, 0, 85, 102, 63, 8, 2.79%, 8, 0, 8, 3374.39
1552755764, 0, 86, 106, 66, 8, 2.88%, 9, 0, 9, 3568.52
1552755769, 0, 87, 117, 76, 8, 2.98%, 9, 0, 9, 3409.46
1552755774, 0, 89, 121, 79, 10, 3.11%, 10, 0, 9, 3278.63
1552755779, 0, 90, 132, 89, 10, 3.11%, 10, 0, 9, 3086.23
1552755784, 0, 91, 137, 93, 10, 3.14%, 10, 0, 9, 3302.06
1552755789, 0, 92, 143, 98, 10, 3.43%, 10, 0, 9, 3289.66
1552755794, 0, 100, 159, 113, 12, 3.83%, 10, 0, 9, 2985.48
1552755799, 0, 100, 164, 118, 12, 3.83%, 10, 0, 9, 3001.16
1552755805, 0, 101, 172, 125, 15, 4.14%, 10, 0, 9, 3058.32
1552755810, 0, 101, 175, 128, 15, 4.25%, 10, 0, 9, 3361.28
1552755815, 0, 105, 182, 134, 16, 4.52%, 10, 0, 10, 3313.36
1552755820, 0, 107, 186, 137, 19, 4.65%, 10, 0, 10, 3393.18
1552755825, 0, 117, 196, 146, 19, 4.85%, 11, 0, 10, 3302.67
1552755830, 0, 136, 198, 146, 21, 4.85%, 11, 0, 10, 3248.89
1552755835, 0, 141, 209, 155, 19, 5.03%, 11, 0, 10, 3096.16
1552755840, 0, 151, 217, 162, 20, 5.10%, 11, 0, 10, 3270.94
1552755845, 0, 151, 225, 170, 20, 5.10%, 11, 0, 10, 3156.04
1552755850, 0, 153, 227, 171, 21, 5.10%, 11, 0, 10, 2910.10
1552755855, 0, 167, 246, 188, 19, 6.08%, 11, 0, 10, 2816.40
1552755860, 0, 167, 253, 195, 19, 6.08%, 11, 0, 10, 2693.27
1552755865, 0, 168, 263, 204, 25, 6.27%, 11, 0, 10, 2887.20
1552755870, 0, 168, 271, 212, 25, 6.76%, 12, 0, 10, 3137.09
1552755875, 0, 170, 281, 221, 29, 7.01%, 12, 0, 10, 3211.45
1552755880, 0, 170, 297, 237, 29, 7.31%, 12, 0, 10, 3373.70
1552755885, 0, 176, 300, 238, 33, 7.31%, 12, 0, 10, 3236.18
1552755890, 0, 178, 312, 249, 32, 7.46%, 12, 0, 11, 3167.30
1552755895, 0, 181, 321, 257, 33, 7.53%, 12, 0, 11, 3062.70
1552755901, 0, 181, 333, 269, 33, 7.70%, 12, 0, 11, 3043.07
1552755906, 0, 183, 339, 274, 36, 7.72%, 12, 0, 11, 2792.01
1552755911, 0, 185, 345, 279, 36, 7.75%, 12, 0, 11, 2618.45
1552755916, 0, 185, 348, 282, 36, 7.92%, 12, 0, 11, 2241.47
1552755921, 0, 189, 353, 286, 36, 7.98%, 12, 0, 11, 2432.52
1552755926, 0, 189, 357, 290, 36, 8.03%, 12, 0, 11, 2887.19
1552755931, 0, 200, 359, 291, 38, 8.13%, 12, 0, 11, 2218.98
1552755936, 0, 200, 365, 297, 38, 8.38%, 12, 0, 11, 2742.27
1552755941, 0, 213, 376, 307, 40, 8.48%, 12, 0, 11, 1994.83
1552755946, 0, 225, 389, 319, 42, 9.14%, 12, 0, 11, 2590.60
1552755951, 0, 225, 398, 328, 42, 9.23%, 12, 0, 11, 2835.12
1552755957, 0, 229, 419, 348, 52, 9.66%, 12, 0, 11, 2338.12
1552755962, 0, 229, 423, 352, 52, 9.72%, 12, 0, 11, 2417.78
1552755967, 0, 229, 429, 358, 52, 9.83%, 12, 0, 11, 2613.70
1552755972, 0, 235, 455, 383, 58, 10.44%, 12, 0, 11, 2295.58
1552755977, 0, 235, 475, 403, 58, 10.48%, 12, 0, 11, 2400.11
1552755982, 0, 236, 506, 433, 72, 11.15%, 12, 0, 11, 2663.46
1552755987, 0, 236, 519, 446, 72, 12.15%, 12, 0, 11, 2220.11
1552755992, 0, 236, 525, 452, 72, 12.15%, 12, 0, 11, 2666.84
1552755997, 0, 239, 538, 464, 82, 12.31%, 12, 0, 11, 2313.55
1552756002, 0, 239, 545, 471, 82, 12.33%, 12, 0, 11, 2470.74
1552756007, 0, 249, 554, 479, 87, 12.42%, 12, 0, 11, 2679.88
1552756013, 0, 254, 564, 488, 86, 12.51%, 12, 0, 11, 2300.75
1552756018, 0, 254, 570, 494, 86, 12.57%, 12, 0, 11, 2635.44
1552756023, 0, 255, 575, 498, 86, 12.64%, 12, 0, 11, 2544.10
1552756028, 0, 258, 584, 506, 86, 12.67%, 12, 0, 11, 2427.38
1552756033, 0, 258, 590, 512, 86, 12.67%, 12, 0, 11, 2483.94
1552756038, 0, 258, 597, 519, 86, 12.71%, 12, 0, 11, 2840.78
1552756043, 0, 268, 607, 527, 86, 13.02%, 13, 0, 11, 2703.19
1552756048, 0, 268, 611, 531, 86, 13.07%, 13, 0, 11, 2431.40
1552756053, 0, 268, 623, 543, 86, 13.58%, 13, 0, 11, 2679.01
1552756058, 0, 273, 627, 546, 94, 13.58%, 13, 0, 11, 2529.00
1552756063, 0, 277, 631, 548, 93, 13.67%, 13, 0, 11, 2896.18
1552756068, 0, 280, 644, 560, 93, 13.89%, 13, 0, 11, 3055.80
1552756074, 0, 280, 654, 570, 93, 13.95%, 13, 0, 11, 3217.97
1552756079, 0, 281, 671, 586, 99, 14.00%, 13, 0, 11, 2975.99
1552756084, 0, 281, 674, 589, 99, 14.00%, 13, 0, 11, 3072.84
1552756089, 0, 303, 686, 600, 100, 14.33%, 13, 0, 12, 3003.46
1552756094, 0, 303, 687, 601, 100, 14.33%, 13, 0, 12, 3073.73
1552756099, 0, 317, 693, 605, 104, 14.52%, 13, 0, 12, 2871.95
1552756104, 0, 317, 699, 611, 104, 14.53%, 13, 0, 12, 3087.64
1552756109, 0, 320, 702, 613, 106, 14.62%, 13, 0, 12, 2983.05
1552756114, 0, 320, 705, 616, 106, 14.62%, 13, 0, 12, 3211.82
1552756119, 0, 336, 709, 619, 105, 14.76%, 13, 0, 12, 2907.68
1552756124, 0, 345, 719, 627, 105, 14.92%, 13, 0, 12, 2929.76
1552756129, 0, 345, 733, 641, 105, 15.14%, 13, 0, 12, 3037.57
1552756134, 0, 352, 735, 641, 110, 15.18%, 13, 0, 12, 2950.06
1552756139, 0, 361, 747, 651, 110, 15.34%, 13, 0, 12, 2709.14
1552756144, 0, 361, 758, 662, 110, 15.43%, 13, 0, 12, 2674.65
1552756149, 0, 369, 765, 668, 112, 15.45%, 13, 0, 12, 2715.48
1552756155, 0, 373, 766, 668, 111, 15.45%, 13, 0, 12, 2650.71
1552756160, 0, 377, 772, 673, 110, 15.55%, 13, 0, 12, 2560.96
1552756165, 0, 377, 775, 676, 110, 15.57%, 13, 0, 12, 3021.98
1552756170, 0, 382, 776, 676, 112, 15.57%, 13, 0, 12, 2741.01
1552756175, 0, 382, 785, 685, 112, 15.57%, 13, 0, 12, 3006.59
1552756180, 0, 384, 790, 689, 111, 15.61%, 13, 0, 12, 2843.42
1552756185, 0, 384, 794, 693, 111, 15.61%, 13, 0, 12, 3110.83
1552756190, 0, 385, 796, 694, 111, 15.61%, 13, 0, 12, 2870.20
1552756195, 0, 392, 800, 696, 109, 15.61%, 13, 0, 12, 2798.36
1552756201, 0, 398, 802, 697, 109, 15.61%, 13, 0, 12, 2622.31
1552756206, 0, 398, 805, 700, 109, 15.61%, 13, 0, 12, 2796.58
1552756211, 0, 408, 806, 700, 108, 15.63%, 13, 0, 12, 2957.03
1552756216, 0, 408, 808, 702, 108, 15.66%, 13, 0, 12, 2391.25
1552756221, 0, 408, 815, 709, 108, 15.69%, 13, 0, 12, 2788.40
1552756226, 0, 410, 820, 713, 114, 15.69%, 13, 0, 12, 2603.80
1552756231, 0, 425, 826, 718, 113, 15.95%, 13, 0, 12, 2547.96
1552756237, 0, 425, 834, 726, 113, 16.06%, 13, 0, 12, 3102.75
1552756242, 0, 429, 839, 730, 115, 16.06%, 13, 0, 12, 2455.58
1552756247, 0, 429, 844, 735, 115, 16.11%, 13, 0, 12, 2806.24
1552756252, 0, 437, 853, 743, 115, 16.23%, 14, 0, 12, 2589.44
1552756257, 0, 437, 859, 749, 115, 16.38%, 14, 0, 12, 2201.47
1552756262, 0, 437, 865, 755, 115, 16.43%, 14, 0, 12, 2596.02
