# unix_time, cycles_done, cur_path, paths_total, pending_total, pending_favs, map_size, unique_crashes, unique_hangs, max_depth, execs_per_sec
1552747309, 0, 0, 2, 2, 2, 0.38%, 0, 0, 1, 2666.67
1552747314, 1, 9, 14, 5, 1, 0.77%, 0, 0, 4, 3264.08
1552747319, 1, 9, 21, 12, 1, 0.77%, 0, 0, 4, 3115.82
1552747324, 1, 12, 26, 16, 2, 0.89%, 1, 0, 5, 3080.92
1552747329, 1, 12, 30, 20, 2, 0.96%, 2, 0, 5, 3080.21
1552747335, 1, 13, 33, 22, 5, 1.01%, 2, 0, 5, 3373.78
1552747340, 1, 13, 34, 23, 5, 1.01%, 2, 0, 5, 3067.59
1552747345, 1, 21, 38, 26, 5, 1.06%, 4, 0, 6, 3149.23
1552747350, 1, 21, 39, 27, 5, 1.06%, 4, 0, 6, 3305.16
1552747355, 1, 23, 43, 30, 6, 1.19%, 4, 0, 6, 3154.52
1552747360, 1, 23, 47, 34, 6, 1.30%, 4, 0, 6, 3268.03
1552747365, 1, 29, 52, 38, 8, 1.31%, 7, 0, 6, 3049.21
1552747370, 1, 29, 56, 42, 8, 1.34%, 8, 0, 6, 3119.65
1552747375, 1, 32, 61, 46, 9, 1.41%, 9, 0, 6, 3321.28
1552747380, 1, 36, 63, 46, 11, 1.45%, 9, 0, 7, 3219.12
1552747385, 1, 36, 65, 48, 11, 1.50%, 9, 0, 7, 3294.85
1552747390, 1, 41, 72, 54, 10, 1.51%, 11, 0, 7, 3389.00
1552747395, 1, 41, 75, 57, 10, 1.51%, 11, 0, 7, 3397.78
1552747400, 1, 43, 88, 69, 11, 1.75%, 11, 0, 7, 3200.35
1552747405, 1, 43, 93, 74, 11, 1.75%, 12, 0, 7, 3375.99
1552747410, 1, 58, 97, 75, 16, 1.82%, 14, 0, 7, 3339.56
1552747416, 1, 59, 102, 79, 15, 1.82%, 14, 0, 7, 3349.43
1552747426, 1, 61, 104, 80, 14, 1.86%, 15, 0, 8, 3197.75
1552747431, 1, 61, 109, 85, 14, 1.95%, 15, 0, 8, 3334.34
1552747436, 1, 71, 111, 86, 14, 2.01%, 15, 0, 8, 3202.38
1552747441, 1, 78, 114, 88, 14, 2.07%, 15, 0, 8, 3190.63
1552747446, 1, 78, 118, 92, 14, 2.07%, 15, 0, 8, 3306.39
1552747451, 1, 86, 124, 97, 15, 2.15%, 15, 0, 8, 3054.52
1552747456, 1, 86, 134, 107, 15, 2.17%, 15, 0, 8, 3088.25
1552747461, 1, 88, 139, 111, 16, 2.19%, 15, 0, 8, 3012.50
1552747466, 1, 89, 144, 115, 15, 2.19%, 15, 0, 8, 2982.64
1552747471, 1, 89, 147, 118, 15, 2.22%, 15, 0, 8, 3078.20
1552747476, 1, 93, 148, 118, 15, 2.22%, 15, 0, 8, 3160.30
1552747482, 1, 94, 153, 122, 14, 2.33%, 15, 0, 8, 3231.79
1552747487, 1, 94, 155, 124, 14, 2.35%, 15, 0, 8, 3222.89
1552747492, 1, 103, 161, 129, 15, 2.35%, 15, 0, 9, 3101.82
1552747497, 1, 103, 164, 132, 15, 2.35%, 15, 0, 9, 3282.11
1552747502, 1, 107, 167, 133, 14, 2.39%, 15, 0, 9, 3094.22
1552747507, 1, 107, 170, 136, 14, 2.39%, 15, 0, 9, 2744.79
1552747517, 1, 109, 173, 138, 14, 2.39%, 16, 0, 9, 2410.26
1552747527, 1, 111, 182, 146, 13, 2.43%, 16, 0, 9, 3176.21
1552747532, 1, 118, 205, 168, 15, 2.63%, 16, 0, 9, 2908.74
1552747537, 1, 118, 211, 174, 15, 2.63%, 16, 0, 9, 3105.50
1552747543, 1, 123, 217, 179, 20, 2.67%, 16, 0, 9, 3102.36
1552747548, 1, 123, 219, 181, 20, 2.70%, 16, 0, 9, 3148.32
1552747553, 1, 126, 224, 185, 21, 2.74%, 16, 0, 9, 3254.95
1552747558, 1, 131, 227, 187, 22, 2.74%, 16, 0, 9, 3298.21
1552747563, 1, 137, 235, 194, 21, 2.76%, 16, 0, 9, 3351.96
1552747568, 1, 139, 236, 194, 23, 2.76%, 16, 0, 9, 3298.43
1552747573, 1, 151, 242, 199, 22, 2.81%, 18, 0, 9, 3303.65
1552747578, 1, 152, 264, 220, 24, 2.94%, 19, 0, 9, 2949.43
1552747583, 1, 152, 276, 232, 24, 2.94%, 20, 0, 9, 3118.21
1552747588, 1, 154, 282, 237, 30, 3.01%, 20, 0, 9, 3188.23
1552747593, 1, 154, 283, 238, 30, 3.01%, 20, 0, 9, 3173.22
1552747598, 1, 165, 283, 236, 28, 3.01%, 20, 0, 9, 3178.19
1552747603, 1, 165, 286, 239, 28, 3.06%, 20, 0, 10, 3466.78
1552747608, 1, 176, 289, 241, 28, 3.07%, 20, 0, 10, 3297.68
1552747614, 1, 177, 289, 240, 28, 3.07%, 20, 0, 10, 3161.04
1552747619, 1, 177, 291, 242, 28, 3.07%, 20, 0, 10, 3335.20
1552747624, 1, 189, 294, 244, 27, 3.07%, 20, 0, 10, 3078.83
1552747629, 1, 189, 297, 247, 27, 3.07%, 20, 0, 10, 3178.80
1552747634, 1, 198, 299, 248, 26, 3.07%, 20, 0, 10, 3022.20
1552747639, 1, 202, 299, 247, 25, 3.07%, 20, 0, 10, 2839.44
1552747644, 1, 202, 301, 249, 25, 3.07%, 20, 0, 10, 3163.66
1552747649, 1, 215, 304, 251, 24, 3.10%, 20, 0, 10, 3316.59
1552747654, 1, 220, 306, 252, 24, 3.10%, 20, 0, 10, 3164.63
1552747659, 1, 221, 308, 253, 23, 3.11%, 20, 0, 10, 3153.13
1552747664, 1, 221, 310, 255, 23, 3.11%, 20, 0, 10, 3347.98
1552747669, 1, 223, 313, 256, 23, 3.13%, 20, 0, 10, 3099.27
1552747674, 1, 223, 315, 258, 23, 3.16%, 20, 0, 10, 3100.33
1552747679, 1, 230, 318, 260, 23, 3.16%, 20, 0, 10, 2350.12
1552747684, 1, 233, 318, 259, 22, 3.16%, 20, 0, 10, 2257.31
1552747690, 1, 236, 319, 259, 21, 3.16%, 20, 0, 10, 3036.61
1552747695, 1, 242, 321, 259, 20, 3.21%, 24, 0, 10, 3104.86
1552747700, 1, 248, 323, 260, 21, 3.25%, 26, 0, 10, 3063.54
1552747705, 1, 248, 326, 263, 21, 3.25%, 26, 0, 10, 2908.94
1552747710, 1, 248, 328, 265, 21, 3.25%, 26, 0, 10, 3006.44
1552747715, 1, 249, 335, 271, 21, 3.29%, 26, 0, 10, 2934.97
1552747720, 1, 249, 337, 273, 21, 3.29%, 26, 0, 10, 3107.49
1552747725, 1, 255, 338, 273, 22, 3.29%, 26, 0, 10, 2892.56
1552747730, 1, 258, 340, 274, 21, 3.30%, 26, 0, 10, 2888.60
1552747735, 1, 258, 341, 275, 21, 3.30%, 26, 0, 10, 3195.59
1552747740, 1, 263, 343, 276, 21, 3.31%, 26, 0, 10, 2717.54
1552747745, 1, 276, 355, 287, 21, 3.44%, 27, 0, 10, 2814.36
1552747750, 1, 276, 364, 296, 21, 3.48%, 27, 0, 10, 3069.92
1552747756, 1, 285, 372, 303, 26, 3.52%, 27, 0, 11, 3074.49
1552747761, 1, 285, 375, 306, 26, 3.52%, 27, 0, 11, 3204.99
1552747766, 1, 286, 379, 309, 26, 3.54%, 27, 0, 11, 3109.41
1552747771, 1, 290, 384, 313, 27, 3.55%, 27, 0, 11, 2831.38
1552747776, 1, 290, 387, 316, 27, 3.55%, 27, 0, 11, 3181.67
1552747781, 1, 292, 388, 316, 28, 3.55%, 27, 0, 11, 2946.20
1552747786, 1, 292, 390, 318, 28, 3.55%, 27, 0, 11, 2989.41
1552747791, 1, 301, 399, 326, 29, 3.69%, 27, 0, 11, 2948.33
1552747796, 1, 301, 407, 334, 29, 3.69%, 27, 0, 11, 3286.98
1552747801, 1, 305, 408, 334, 32, 3.69%, 27, 0, 11, 3180.50
1552747806, 1, 308, 410, 334, 30, 3.69%, 27, 0, 11, 2898.77
1552747811, 1, 308, 414, 338, 30, 3.69%, 27, 0, 11, 3066.88
1552747816, 1, 310, 415, 338, 29, 3.69%, 27, 0, 11, 3084.80
1552747821, 1, 310, 416, 339, 29, 3.69%, 27, 0, 11, 3039.07
1552747826, 1, 311, 419, 341, 28, 3.70%, 27, 0, 11, 3137.58
1552747831, 1, 314, 422, 343, 28, 3.80%, 27, 0, 11, 3199.10
1552747836, 1, 314, 427, 348, 28, 3.83%, 28, 0, 11, 3061.45
1552747842, 1, 319, 432, 352, 33, 3.86%, 28, 0, 11, 3014.70
1552747847, 1, 319, 434, 354, 33, 3.86%, 28, 0, 11, 3149.84
1552747852, 1, 320, 439, 358, 35, 3.88%, 28, 0, 11, 3080.87
1552747857, 1, 321, 443, 361, 36, 3.97%, 29, 0, 11, 3184.85
1552747862, 1, 321, 448, 366, 36, 4.04%, 30, 0, 11, 3267.47
1552747867, 1, 322, 449, 366, 37, 4.04%, 31, 0, 11, 2973.29
1552747872, 1, 328, 449, 365, 36, 4.04%, 31, 0, 11, 2868.41
1552747877, 1, 329, 449, 364, 35, 4.04%, 32, 0, 11, 2841.19
1552747882, 1, 329, 451, 366, 35, 4.09%, 32, 0, 11, 2986.43
1552747887, 1, 330, 451, 365, 35, 4.09%, 32, 0, 11, 3103.79
1552747892, 1, 342, 453, 366, 34, 4.12%, 32, 0, 11, 3223.15
1552747897, 1, 342, 457, 370, 34, 4.14%, 32, 0, 11, 3741.26
1552747903, 1, 347, 468, 380, 36, 4.23%, 33, 0, 11, 3682.01
1552747908, 1, 349, 474, 385, 37, 4.27%, 33, 0, 11, 3961.44
