# unix_time, cycles_done, cur_path, paths_total, pending_total, pending_favs, map_size, unique_crashes, unique_hangs, max_depth, execs_per_sec
1552745463, 0, 0, 3, 3, 3, 0.53%, 0, 0, 1, 1411.76
1552745469, 0, 1, 11, 10, 6, 0.67%, 0, 0, 2, 3184.52
1552745474, 0, 11, 18, 10, 1, 0.99%, 0, 0, 4, 3445.80
1552745479, 0, 13, 23, 14, 3, 1.01%, 0, 0, 5, 3465.68
1552745484, 0, 13, 27, 18, 3, 1.04%, 0, 0, 5, 3425.81
1552745489, 0, 22, 38, 27, 4, 1.50%, 0, 0, 6, 3180.95
1552745494, 0, 22, 46, 35, 4, 1.71%, 0, 0, 6, 3200.47
1552745499, 0, 32, 51, 37, 5, 1.77%, 0, 0, 7, 3123.11
1552745504, 0, 32, 58, 44, 5, 1.93%, 0, 0, 7, 3019.31
1552745509, 0, 36, 64, 49, 8, 2.05%, 0, 0, 7, 2825.08
1552745514, 0, 36, 72, 57, 8, 2.20%, 0, 0, 7, 3150.83
1552745519, 0, 37, 82, 66, 9, 2.40%, 0, 0, 7, 3058.83
1552745524, 0, 37, 86, 70, 9, 2.41%, 0, 0, 7, 3275.78
1552745529, 0, 37, 90, 74, 9, 2.49%, 0, 0, 7, 3331.19
1552745534, 0, 44, 115, 98, 13, 2.68%, 0, 0, 7, 3101.75
1552745539, 0, 48, 124, 106, 18, 2.71%, 0, 0, 7, 3317.22
1552745544, 0, 56, 129, 110, 19, 2.71%, 0, 0, 8, 3364.86
1552745549, 0, 56, 131, 112, 19, 2.72%, 0, 0, 8, 3582.08
1552745554, 0, 69, 138, 116, 21, 2.89%, 1, 0, 8, 3295.52
1552745560, 0, 70, 151, 128, 20, 3.09%, 2, 0, 8, 3301.77
1552745565, 0, 70, 155, 132, 20, 3.09%, 3, 0, 8, 3413.57
1552745570, 0, 73, 161, 137, 23, 3.17%, 6, 0, 8, 3117.90
1552745575, 0, 73, 169, 145, 23, 3.17%, 6, 0, 8, 2877.65
1552745580, 0, 73, 173, 149, 23, 3.17%, 6, 0, 8, 3106.56
1552745585, 0, 82, 182, 155, 26, 3.42%, 6, 0, 8, 2941.09
1552745590, 0, 93, 187, 159, 27, 3.43%, 6, 0, 8, 2883.39
1552745595, 0, 93, 190, 162, 27, 3.43%, 6, 0, 8, 3250.77
1552745600, 0, 94, 193, 164, 28, 3.45%, 6, 0, 8, 2954.66
1552745605, 0, 100, 195, 164, 27, 3.52%, 6, 0, 8, 2546.67
1552745610, 0, 100, 198, 167, 27, 3.52%, 6, 0, 8, 2176.38
1552745615, 0, 100, 199, 168, 27, 3.52%, 6, 0, 8, 2428.37
1552745625, 0, 101, 209, 177, 27, 3.92%, 6, 0, 8, 2056.98
1552745630, 0, 101, 219, 187, 27, 3.98%, 6, 0, 8, 2794.50
1552745636, 0, 101, 224, 192, 27, 3.98%, 6, 0, 8, 2883.99
1552745641, 0, 104, 230, 197, 33, 4.14%, 6, 0, 8, 2609.74
1552745646, 0, 115, 243, 209, 37, 4.35%, 6, 0, 8, 2465.19
1552745651, 0, 121, 243, 207, 37, 4.35%, 6, 0, 8, 2904.20
1552745656, 0, 134, 248, 210, 35, 4.43%, 6, 0, 9, 3230.88
1552745661, 0, 134, 250, 212, 35, 4.43%, 6, 0, 9, 3115.37
1552745666, 0, 137, 256, 217, 37, 4.45%, 6, 0, 9, 3104.40
1552745671, 0, 143, 258, 218, 37, 4.45%, 6, 0, 9, 3152.06
1552745676, 0, 143, 266, 226, 37, 4.47%, 7, 0, 9, 3122.29
1552745681, 0, 143, 270, 230, 37, 4.47%, 7, 0, 9, 597.01
1552745686, 0, 146, 271, 229, 38, 4.49%, 7, 0, 9, 2172.18
1552745691, 0, 148, 273, 230, 37, 4.50%, 7, 0, 9, 2533.83
1552745696, 0, 148, 277, 234, 37, 4.61%, 8, 0, 9, 2869.37
1552745701, 0, 157, 277, 233, 38, 4.61%, 8, 0, 9, 2800.61
1552745706, 0, 159, 279, 234, 37, 4.61%, 8, 0, 9, 2876.99
1552745711, 0, 165, 280, 234, 37, 4.73%, 9, 0, 9, 2923.37
1552745716, 0, 173, 282, 235, 37, 4.73%, 9, 0, 9, 2986.22
1552745721, 0, 174, 285, 237, 37, 4.79%, 9, 0, 9, 3338.70
1552745727, 0, 174, 290, 242, 37, 4.83%, 9, 0, 9, 3520.07
1552745732, 0, 175, 301, 252, 36, 4.92%, 9, 0, 9, 3390.99
1552745737, 0, 176, 303, 253, 37, 4.95%, 9, 0, 9, 3272.51
1552745742, 0, 179, 316, 264, 40, 5.03%, 9, 0, 9, 3048.97
1552745747, 0, 179, 322, 270, 40, 5.06%, 9, 0, 9, 3253.16
1552745752, 0, 180, 335, 282, 45, 5.31%, 9, 0, 9, 2980.08
1552745757, 0, 180, 340, 287, 45, 5.34%, 9, 0, 9, 2912.09
1552745762, 0, 186, 345, 291, 49, 5.34%, 9, 0, 9, 2641.31
1552745767, 0, 191, 348, 293, 48, 5.35%, 9, 0, 9, 2597.30
1552745772, 0, 193, 357, 301, 48, 5.46%, 9, 0, 9, 3007.18
1552745782, 0, 203, 362, 304, 50, 5.49%, 9, 0, 9, 2774.39
1552745787, 0, 203, 368, 310, 50, 5.50%, 9, 0, 9, 3098.20
1552745792, 0, 213, 373, 314, 53, 5.57%, 9, 0, 9, 3040.92
1552745797, 0, 213, 379, 320, 53, 5.70%, 9, 0, 9, 2963.11
1552745802, 0, 213, 388, 329, 53, 5.73%, 9, 0, 9, 2973.01
1552745807, 0, 217, 395, 335, 57, 5.78%, 9, 0, 9, 2689.30
1552745813, 0, 217, 400, 340, 57, 5.78%, 9, 0, 9, 2990.46
1552745818, 0, 228, 401, 340, 60, 5.78%, 9, 0, 9, 2818.79
1552745823, 0, 229, 403, 341, 59, 5.79%, 9, 0, 9, 2790.84
1552745828, 0, 231, 408, 345, 59, 5.80%, 9, 0, 9, 3026.18
1552745833, 0, 231, 411, 348, 59, 5.85%, 9, 0, 9, 2528.00
1552745838, 0, 232, 412, 348, 61, 5.85%, 9, 0, 9, 2763.77
1552745843, 0, 232, 414, 350, 61, 5.85%, 9, 0, 9, 2650.77
1552745848, 0, 232, 417, 353, 61, 5.85%, 9, 0, 9, 3046.50
1552745853, 0, 233, 425, 360, 62, 5.93%, 9, 0, 9, 2642.05
1552745858, 0, 233, 426, 361, 62, 5.93%, 9, 0, 9, 2056.78
1552745863, 0, 233, 429, 364, 62, 5.93%, 9, 0, 9, 2630.81
1552745868, 0, 239, 429, 363, 65, 5.93%, 9, 0, 9, 2749.04
1552745873, 0, 239, 431, 365, 65, 5.93%, 9, 0, 9, 2859.72
1552745879, 0, 239, 432, 366, 65, 5.93%, 9, 0, 9, 2820.48
1552745884, 0, 242, 433, 366, 65, 5.94%, 9, 0, 9, 2340.59
1552745889, 0, 243, 435, 367, 65, 5.94%, 9, 0, 10, 2770.93
1552745894, 0, 244, 437, 368, 64, 5.94%, 9, 0, 10, 2813.78
1552745899, 0, 244, 439, 370, 64, 5.94%, 9, 0, 10, 2789.45
1552745904, 0, 247, 443, 373, 64, 5.95%, 9, 0, 10, 2583.25
1552745914, 0, 261, 445, 374, 64, 5.95%, 9, 0, 10, 2565.31
1552745919, 0, 261, 449, 378, 64, 5.95%, 9, 0, 10, 2688.82
1552745924, 0, 262, 450, 378, 63, 5.95%, 9, 0, 10, 2595.98
1552745929, 0, 270, 450, 377, 62, 5.95%, 9, 0, 10, 2498.66
1552745934, 0, 271, 452, 378, 61, 5.96%, 10, 0, 10, 2550.18
1552745940, 0, 272, 458, 383, 61, 5.96%, 10, 0, 10, 2837.74
1552745950, 0, 275, 465, 389, 61, 5.98%, 10, 0, 10, 2793.12
1552745955, 0, 275, 467, 391, 61, 5.98%, 10, 0, 10, 2614.86
1552745960, 0, 277, 468, 391, 62, 5.98%, 10, 0, 10, 2079.37
1552745965, 0, 279, 476, 398, 61, 6.12%, 10, 0, 10, 2489.14
1552745970, 0, 286, 485, 405, 64, 6.22%, 11, 0, 10, 2545.06
1552745975, 0, 286, 489, 409, 64, 6.23%, 11, 0, 10, 2677.11
1552745980, 0, 301, 490, 408, 66, 6.25%, 11, 0, 10, 2618.08
1552745985, 0, 303, 494, 411, 65, 6.29%, 11, 0, 10, 2622.88
1552745991, 0, 303, 501, 418, 65, 6.32%, 11, 0, 10, 3151.92
1552745996, 0, 304, 506, 422, 68, 6.39%, 11, 0, 10, 2998.30
1552746001, 0, 304, 509, 425, 68, 6.40%, 11, 0, 10, 2966.95
1552746006, 0, 306, 512, 426, 69, 6.40%, 11, 0, 10, 2497.70
1552746011, 0, 309, 512, 425, 70, 6.40%, 11, 0, 10, 2679.21
1552746016, 0, 316, 514, 425, 69, 6.40%, 11, 0, 10, 2901.45
1552746021, 0, 321, 517, 427, 68, 6.40%, 11, 0, 10, 2861.67
1552746026, 0, 321, 520, 430, 68, 6.43%, 11, 0, 10, 2595.94
1552746031, 0, 321, 525, 435, 68, 6.43%, 11, 0, 10, 2767.53
1552746036, 0, 325, 537, 446, 70, 6.56%, 11, 0, 10, 2569.91
1552746041, 0, 325, 541, 450, 70, 6.56%, 11, 0, 10, 2851.06
1552746046, 0, 329, 546, 454, 75, 6.61%, 11, 0, 10, 3009.58
1552746051, 0, 329, 552, 460, 75, 6.61%, 11, 0, 10, 2835.37
1552746056, 0, 330, 553, 460, 76, 6.61%, 11, 0, 10, 2906.93
1552746061, 0, 331, 553, 459, 75, 6.61%, 11, 0, 10, 2928.77
