# unix_time, cycles_done, cur_path, paths_total, pending_total, pending_favs, map_size, unique_crashes, unique_hangs, max_depth, execs_per_sec
1552747996, 0, 0, 2, 2, 2, 0.41%, 0, 0, 1, 2666.67
1552748001, 0, 1, 11, 10, 4, 0.51%, 1, 0, 2, 4081.17
1552748006, 0, 12, 24, 16, 3, 0.72%, 3, 0, 4, 4343.63
1552748012, 0, 14, 27, 17, 6, 0.73%, 5, 0, 4, 4626.35
1552748017, 0, 16, 34, 23, 7, 0.76%, 6, 0, 5, 4628.95
1552748022, 0, 22, 42, 29, 6, 0.79%, 8, 0, 5, 4546.10
1552748027, 0, 25, 48, 33, 6, 0.96%, 10, 0, 5, 4645.60
1552748032, 0, 35, 52, 34, 6, 0.96%, 13, 0, 6, 4607.68
1552748037, 0, 35, 58, 40, 6, 0.99%, 13, 0, 6, 4379.97
1552748042, 0, 43, 64, 44, 5, 1.00%, 14, 0, 6, 4494.03
1552748047, 0, 44, 81, 60, 5, 1.10%, 17, 0, 6, 4403.22
1552748052, 0, 54, 89, 67, 6, 1.12%, 20, 0, 7, 4158.51
1552748057, 0, 72, 95, 70, 5, 1.17%, 21, 0, 7, 3675.06
1552748062, 0, 72, 103, 78, 5, 1.17%, 21, 0, 7, 4017.91
1552748067, 0, 85, 109, 81, 9, 1.23%, 23, 0, 8, 3831.16
1552748072, 0, 91, 116, 86, 11, 1.28%, 25, 0, 8, 4302.53
1552748077, 0, 96, 121, 88, 9, 1.28%, 26, 0, 8, 4210.48
1552748082, 0, 96, 127, 94, 9, 1.30%, 26, 0, 8, 4343.48
1552748087, 0, 104, 139, 105, 11, 1.34%, 28, 0, 8, 4403.89
1552748093, 0, 105, 140, 105, 14, 1.34%, 29, 0, 8, 4330.60
1552748098, 0, 109, 142, 103, 10, 1.35%, 30, 0, 9, 4234.08
1552748103, 0, 109, 146, 107, 10, 1.36%, 31, 0, 9, 4452.74
1552748108, 0, 118, 149, 108, 10, 1.36%, 33, 0, 9, 4338.40
1552748113, 0, 125, 152, 109, 8, 1.36%, 34, 0, 9, 4343.59
1552748118, 0, 125, 156, 113, 8, 1.36%, 35, 0, 9, 4132.73
1552748123, 0, 132, 162, 118, 7, 1.39%, 37, 0, 9, 4190.02
1552748128, 0, 135, 164, 119, 7, 1.39%, 39, 0, 9, 3983.43
1552748133, 0, 144, 170, 123, 5, 1.43%, 39, 0, 10, 4333.01
1552748139, 0, 151, 173, 125, 4, 1.43%, 39, 0, 10, 4049.74
1552748144, 0, 160, 181, 132, 3, 1.43%, 41, 0, 10, 3476.85
1552748149, 0, 160, 184, 135, 3, 1.43%, 41, 0, 10, 3068.30
1552748154, 0, 171, 193, 142, 3, 1.44%, 44, 0, 11, 2714.58
1552748159, 0, 171, 196, 145, 3, 1.44%, 44, 0, 11, 3021.34
1552748164, 0, 189, 196, 144, 2, 1.44%, 44, 0, 11, 2928.17
1552748169, 0, 195, 200, 146, 0, 1.44%, 44, 0, 12, 3076.66
1552748174, 0, 195, 202, 148, 0, 1.44%, 44, 0, 12, 2366.65
1552748179, 0, 195, 207, 153, 0, 1.44%, 44, 0, 12, 2298.87
1552748184, 0, 195, 209, 155, 0, 1.44%, 44, 0, 12, 2209.89
1552748189, 1, 40, 209, 150, 0, 1.44%, 44, 0, 12, 2898.21
1552748195, 1, 209, 211, 148, 1, 1.46%, 44, 0, 12, 2708.68
1552748200, 2, 10, 211, 146, 0, 1.46%, 44, 0, 12, 2709.03
1552748205, 2, 37, 211, 142, 0, 1.46%, 44, 0, 12, 2769.10
1552748210, 2, 92, 212, 140, 0, 1.46%, 44, 0, 12, 2838.43
1552748215, 2, 110, 212, 139, 0, 1.46%, 45, 0, 12, 2525.71
1552748220, 2, 112, 212, 138, 0, 1.46%, 45, 0, 12, 2461.69
1552748225, 2, 121, 217, 141, 0, 1.46%, 45, 0, 12, 2245.49
1552748235, 2, 137, 217, 139, 0, 1.46%, 45, 0, 12, 3064.30
1552748240, 2, 145, 217, 137, 0, 1.46%, 45, 0, 12, 3174.44
1552748245, 2, 152, 220, 139, 0, 1.46%, 45, 0, 12, 3406.04
1552748250, 2, 153, 221, 139, 0, 1.46%, 45, 0, 12, 3479.17
1552748255, 2, 159, 225, 142, 0, 1.46%, 45, 0, 12, 3488.66
1552748260, 2, 162, 228, 144, 0, 1.46%, 45, 0, 12, 3145.11
1552748265, 2, 164, 230, 145, 0, 1.46%, 45, 0, 12, 2993.63
1552748270, 2, 170, 232, 145, 0, 1.46%, 45, 0, 12, 3052.87
1552748275, 2, 183, 232, 143, 0, 1.46%, 45, 0, 12, 3074.39
1552748280, 2, 189, 232, 141, 0, 1.46%, 45, 0, 12, 3112.18
1552748285, 2, 196, 232, 141, 0, 1.46%, 46, 0, 12, 2699.35
1552748290, 2, 197, 232, 140, 0, 1.46%, 46, 0, 12, 2580.44
1552748296, 2, 203, 232, 139, 0, 1.46%, 46, 0, 12, 2941.61
1552748301, 2, 205, 236, 142, 0, 1.46%, 46, 0, 13, 2917.29
1552748306, 2, 207, 236, 141, 0, 1.46%, 46, 0, 13, 2742.23
1552748311, 2, 211, 238, 142, 0, 1.46%, 46, 0, 13, 2766.79
1552748316, 2, 211, 240, 144, 0, 1.46%, 46, 0, 13, 3122.81
1552748321, 2, 220, 243, 146, 0, 1.46%, 46, 0, 13, 3131.55
1552748326, 2, 220, 246, 149, 0, 1.46%, 46, 0, 13, 3213.44
1552748331, 2, 229, 247, 148, 0, 1.46%, 46, 0, 13, 3287.15
1552748336, 2, 229, 249, 150, 0, 1.46%, 46, 0, 13, 3011.40
1552748341, 2, 229, 250, 151, 0, 1.46%, 46, 0, 13, 3086.90
1552748346, 2, 232, 250, 150, 0, 1.46%, 46, 0, 13, 2872.68
1552748351, 2, 241, 252, 151, 0, 1.46%, 46, 0, 13, 2903.99
1552748356, 2, 241, 254, 153, 0, 1.46%, 46, 0, 13, 3036.69
1552748361, 2, 244, 254, 152, 0, 1.46%, 46, 0, 13, 2941.49
1552748366, 2, 250, 254, 151, 0, 1.46%, 46, 0, 13, 2872.42
1552748371, 2, 250, 257, 154, 0, 1.46%, 46, 0, 13, 3068.28
1552748376, 2, 251, 257, 153, 0, 1.46%, 46, 0, 13, 3067.96
1552748381, 2, 251, 258, 154, 0, 1.46%, 46, 0, 13, 3059.52
1552748387, 2, 255, 258, 153, 0, 1.46%, 46, 0, 13, 2963.74
1552748392, 2, 257, 259, 153, 0, 1.46%, 46, 0, 14, 2658.42
1552748397, 3, 45, 259, 150, 0, 1.46%, 46, 0, 14, 3042.15
1552748402, 3, 60, 260, 148, 0, 1.46%, 46, 0, 14, 3048.93
1552748407, 3, 67, 260, 145, 0, 1.46%, 46, 0, 14, 3051.29
1552748412, 3, 78, 260, 143, 0, 1.46%, 46, 0, 14, 3026.26
1552748417, 3, 97, 260, 140, 0, 1.46%, 46, 0, 14, 2899.85
1552748422, 3, 127, 260, 139, 0, 1.46%, 46, 0, 14, 2986.85
1552748427, 3, 133, 260, 137, 0, 1.46%, 46, 0, 14, 2310.01
1552748432, 3, 134, 260, 136, 0, 1.46%, 46, 0, 14, 1950.31
1552748437, 3, 150, 260, 134, 0, 1.46%, 46, 0, 14, 2560.04
1552748442, 3, 150, 262, 136, 0, 1.46%, 46, 0, 14, 2873.11
1552748448, 3, 168, 262, 135, 0, 1.46%, 46, 0, 14, 2743.60
1552748453, 3, 178, 263, 134, 0, 1.46%, 47, 0, 14, 2991.81
1552748458, 3, 178, 265, 136, 0, 1.46%, 47, 0, 14, 3040.65
1552748463, 3, 180, 266, 136, 0, 1.46%, 47, 0, 14, 3026.26
1552748468, 3, 180, 267, 137, 0, 1.46%, 47, 0, 14, 2824.01
1552748473, 3, 182, 267, 135, 0, 1.46%, 47, 0, 14, 2802.94
1552748478, 3, 193, 267, 133, 0, 1.46%, 47, 0, 14, 2932.02
1552748483, 3, 194, 267, 132, 0, 1.46%, 47, 0, 14, 2901.18
1552748493, 3, 201, 268, 132, 0, 1.46%, 47, 0, 14, 2561.62
1552748503, 3, 204, 270, 133, 0, 1.46%, 47, 0, 14, 2483.47
1552748508, 3, 206, 271, 133, 0, 1.46%, 47, 0, 14, 2722.35
1552748513, 3, 208, 272, 133, 0, 1.46%, 47, 0, 14, 2772.08
1552748518, 3, 212, 272, 132, 0, 1.46%, 47, 0, 14, 2923.24
1552748523, 3, 212, 273, 133, 0, 1.46%, 47, 0, 14, 2917.15
1552748528, 3, 214, 273, 132, 0, 1.46%, 47, 0, 14, 2831.06
1552748533, 3, 218, 273, 131, 0, 1.46%, 47, 0, 14, 2937.05
1552748539, 3, 219, 273, 130, 0, 1.46%, 47, 0, 14, 2835.02
1552748544, 3, 224, 274, 130, 0, 1.46%, 47, 0, 14, 2650.33
1552748549, 3, 224, 275, 131, 0, 1.46%, 47, 0, 14, 2909.76
1552748554, 3, 225, 277, 132, 0, 1.46%, 47, 0, 14, 2942.72
1552748559, 3, 236, 277, 131, 0, 1.46%, 47, 0, 14, 2790.91
1552748564, 3, 239, 278, 131, 0, 1.46%, 47, 0, 14, 2684.55
1552748569, 3, 242, 278, 130, 0, 1.46%, 47, 0, 14, 2708.35
1552748574, 3, 243, 280, 131, 0, 1.46%, 47, 0, 14, 2768.45
1552748579, 3, 243, 282, 133, 0, 1.46%, 47, 0, 14, 2789.40
1552748584, 3, 246, 283, 133, 0, 1.46%, 47, 0, 14, 2802.17
1552748589, 3, 254, 283, 132, 0, 1.46%, 47, 0, 14, 2918.88
1552748594, 3, 263, 283, 131, 0, 1.46%, 47, 0, 14, 2835.37
