# unix_time, cycles_done, cur_path, paths_total, pending_total, pending_favs, map_size, unique_crashes, unique_hangs, max_depth, execs_per_sec
1552743235, 0, 0, 3, 3, 3, 0.35%, 0, 0, 1, 2400.00
1552743240, 0, 6, 16, 10, 4, 0.45%, 1, 0, 3, 4147.36
1552743246, 0, 20, 21, 9, 1, 0.57%, 2, 0, 4, 4492.15
1552743251, 1, 17, 27, 13, 0, 0.64%, 2, 0, 5, 4512.54
1552743256, 1, 22, 31, 16, 2, 0.73%, 3, 0, 6, 4533.27
1552743261, 1, 22, 33, 18, 2, 0.82%, 3, 0, 6, 4701.67
1552743266, 1, 27, 36, 20, 3, 0.83%, 5, 0, 7, 4259.34
1552743271, 1, 28, 37, 20, 3, 0.83%, 6, 0, 7, 3783.67
1552743276, 1, 32, 42, 24, 2, 0.90%, 7, 0, 7, 3485.87
1552743281, 1, 34, 46, 27, 5, 0.90%, 8, 0, 8, 3389.05
1552743286, 1, 34, 49, 30, 5, 1.01%, 8, 0, 8, 3458.76
1552743291, 1, 38, 54, 33, 6, 1.05%, 11, 0, 8, 3402.38
1552743297, 1, 39, 68, 46, 7, 1.09%, 13, 0, 8, 3222.72
1552743302, 1, 41, 74, 51, 8, 1.09%, 13, 0, 8, 3367.30
1552743307, 1, 47, 83, 58, 6, 1.14%, 15, 0, 9, 3442.79
1552743312, 1, 49, 85, 59, 10, 1.14%, 17, 0, 9, 3566.53
1552743317, 1, 52, 86, 59, 9, 1.17%, 17, 0, 9, 3645.93
1552743322, 1, 52, 87, 60, 9, 1.17%, 17, 0, 9, 3588.17
1552743327, 1, 53, 90, 62, 10, 1.17%, 17, 0, 9, 3338.42
1552743332, 1, 63, 90, 61, 9, 1.17%, 17, 0, 9, 3180.98
1552743337, 1, 72, 92, 62, 8, 1.17%, 18, 0, 9, 3208.18
1552743342, 1, 72, 95, 65, 8, 1.20%, 18, 0, 9, 3401.86
1552743347, 1, 75, 98, 67, 9, 1.20%, 20, 0, 10, 3343.84
1552743352, 1, 76, 100, 68, 9, 1.20%, 20, 0, 10, 3177.56
1552743357, 1, 78, 100, 66, 7, 1.20%, 20, 0, 10, 3120.65
1552743362, 1, 81, 109, 74, 6, 1.21%, 23, 0, 10, 3419.31
1552743367, 1, 86, 112, 76, 6, 1.21%, 25, 0, 10, 3503.91
1552743372, 1, 86, 117, 81, 6, 1.21%, 25, 0, 10, 3568.35
1552743377, 1, 92, 124, 87, 6, 1.23%, 28, 0, 10, 3622.05
1552743383, 1, 93, 126, 88, 8, 1.23%, 29, 0, 10, 3563.73
1552743388, 1, 97, 127, 88, 7, 1.23%, 30, 0, 11, 3559.84
1552743393, 1, 97, 133, 94, 7, 1.23%, 30, 0, 11, 3221.70
1552743398, 1, 103, 137, 97, 6, 1.23%, 30, 0, 11, 3543.66
1552743403, 1, 116, 137, 95, 4, 1.23%, 31, 0, 11, 3501.18
1552743408, 1, 116, 139, 97, 4, 1.23%, 32, 0, 11, 3366.56
1552743413, 1, 118, 144, 101, 3, 1.29%, 33, 0, 11, 3431.95
1552743418, 1, 119, 145, 101, 5, 1.29%, 34, 0, 11, 3485.32
1552743423, 1, 126, 146, 100, 4, 1.31%, 36, 0, 11, 3354.61
1552743428, 1, 126, 148, 102, 4, 1.31%, 36, 0, 12, 3424.62
1552743433, 1, 140, 149, 102, 4, 1.33%, 37, 0, 12, 3511.33
1552743438, 1, 141, 154, 106, 5, 1.34%, 37, 0, 12, 3575.11
1552743443, 1, 144, 155, 106, 4, 1.34%, 37, 0, 12, 3544.42
1552743448, 1, 145, 157, 107, 3, 1.35%, 37, 0, 12, 3537.42
1552743453, 1, 148, 164, 113, 3, 1.35%, 38, 0, 13, 3604.25
1552743458, 1, 149, 165, 113, 4, 1.35%, 38, 0, 13, 3617.25
1552743463, 1, 157, 165, 111, 2, 1.35%, 38, 0, 13, 3572.69
1552743468, 1, 164, 166, 110, 0, 1.35%, 40, 0, 14, 3467.23
1552743473, 1, 164, 169, 113, 0, 1.35%, 40, 0, 14, 3498.65
1552743478, 1, 169, 173, 116, 0, 1.35%, 40, 0, 15, 3493.55
1552743484, 1, 169, 175, 118, 0, 1.35%, 40, 0, 15, 3345.77
1552743489, 1, 171, 175, 116, 0, 1.35%, 40, 0, 15, 3217.38
1552743494, 1, 171, 179, 120, 0, 1.35%, 40, 0, 16, 3031.27
1552743499, 1, 177, 181, 121, 0, 1.35%, 40, 0, 17, 3113.35
1552743504, 1, 177, 182, 122, 0, 1.35%, 40, 0, 17, 2074.24
1552743509, 1, 177, 183, 123, 0, 1.35%, 40, 0, 17, 2270.10
1552743514, 1, 177, 184, 124, 0, 1.35%, 41, 0, 17, 3034.65
1552743519, 2, 21, 184, 120, 0, 1.35%, 41, 0, 17, 2895.46
1552743524, 2, 56, 184, 118, 0, 1.35%, 41, 0, 17, 3222.89
1552743529, 2, 64, 186, 119, 0, 1.35%, 41, 0, 17, 3096.29
1552743534, 2, 66, 187, 119, 0, 1.35%, 41, 0, 17, 3325.46
1552743539, 2, 69, 189, 120, 0, 1.35%, 41, 0, 17, 3375.09
1552743544, 2, 70, 190, 120, 0, 1.35%, 41, 0, 17, 3294.68
1552743549, 2, 71, 191, 120, 0, 1.35%, 41, 0, 17, 3408.00
1552743554, 2, 84, 191, 119, 0, 1.35%, 42, 0, 17, 3312.07
1552743559, 2, 86, 191, 117, 0, 1.35%, 42, 0, 17, 3514.55
1552743564, 2, 107, 193, 118, 0, 1.35%, 42, 0, 17, 3435.92
1552743569, 2, 107, 195, 120, 0, 1.35%, 42, 0, 17, 3607.80
1552743575, 2, 192, 196, 119, 1, 1.35%, 43, 0, 17, 3446.05
1552743580, 2, 192, 198, 121, 1, 1.35%, 43, 0, 17, 3123.09
1552743585, 3, 23, 199, 121, 0, 1.35%, 43, 0, 17, 3311.48
1552743590, 3, 63, 199, 119, 0, 1.35%, 43, 0, 17, 3282.94
1552743595, 3, 80, 199, 118, 0, 1.35%, 43, 0, 17, 3405.04
1552743600, 3, 90, 199, 117, 0, 1.35%, 43, 0, 17, 3097.37
1552743605, 3, 98, 199, 116, 0, 1.35%, 43, 0, 17, 3044.49
1552743610, 3, 100, 200, 116, 0, 1.35%, 43, 0, 17, 3274.88
1552743615, 3, 110, 200, 114, 0, 1.35%, 43, 0, 17, 3125.48
1552743620, 3, 123, 200, 113, 0, 1.35%, 43, 0, 17, 2905.12
1552743626, 3, 128, 202, 114, 0, 1.35%, 43, 0, 17, 2762.95
1552743631, 3, 130, 204, 115, 0, 1.35%, 44, 0, 17, 2917.47
1552743636, 3, 130, 209, 120, 0, 1.35%, 44, 0, 17, 3206.67
1552743641, 3, 130, 211, 122, 0, 1.35%, 44, 0, 17, 2881.97
1552743646, 3, 137, 211, 121, 0, 1.35%, 44, 0, 17, 3222.07
1552743651, 3, 155, 211, 119, 0, 1.35%, 44, 0, 17, 3334.78
1552743656, 3, 160, 213, 121, 0, 1.35%, 45, 0, 17, 3057.78
1552743661, 3, 168, 214, 120, 0, 1.35%, 45, 0, 17, 3329.23
1552743666, 3, 168, 216, 122, 0, 1.35%, 45, 0, 17, 2873.72
1552743676, 3, 172, 216, 121, 0, 1.35%, 45, 0, 17, 3139.39
1552743681, 3, 173, 217, 121, 0, 1.35%, 45, 0, 17, 2707.18
1552743686, 3, 174, 217, 120, 0, 1.35%, 45, 0, 17, 2769.90
1552743692, 3, 176, 217, 119, 0, 1.35%, 45, 0, 17, 2966.93
1552743697, 3, 178, 217, 118, 0, 1.35%, 45, 0, 17, 2844.61
1552743702, 3, 178, 220, 121, 0, 1.35%, 45, 0, 17, 3112.11
1552743712, 3, 179, 225, 125, 0, 1.35%, 45, 0, 18, 3358.99
1552743717, 3, 184, 226, 125, 0, 1.35%, 45, 0, 18, 3431.61
1552743722, 3, 197, 228, 125, 0, 1.35%, 45, 0, 18, 3431.05
1552743727, 3, 197, 230, 127, 0, 1.35%, 45, 0, 18, 2874.38
1552743732, 3, 197, 232, 129, 0, 1.35%, 45, 0, 18, 3367.51
1552743737, 3, 201, 233, 128, 0, 1.35%, 45, 0, 18, 3212.76
1552743742, 3, 201, 235, 130, 0, 1.35%, 45, 0, 18, 3108.57
1552743747, 3, 203, 235, 129, 0, 1.35%, 45, 0, 18, 3361.48
1552743752, 3, 204, 235, 128, 0, 1.35%, 45, 0, 18, 3337.77
1552743757, 3, 208, 235, 127, 0, 1.35%, 45, 0, 18, 3059.50
1552743762, 3, 213, 236, 127, 0, 1.35%, 45, 0, 18, 3073.52
1552743767, 3, 215, 237, 127, 0, 1.35%, 45, 0, 18, 3060.84
1552743772, 3, 215, 238, 128, 0, 1.35%, 45, 0, 18, 3021.40
1552743778, 3, 219, 240, 129, 0, 1.35%, 45, 0, 18, 2933.01
1552743783, 3, 219, 241, 130, 0, 1.35%, 45, 0, 18, 2614.65
1552743793, 3, 221, 241, 129, 0, 1.35%, 45, 0, 18, 2807.24
1552743798, 3, 233, 242, 129, 0, 1.35%, 46, 0, 18, 2246.00
1552743808, 3, 235, 244, 130, 0, 1.35%, 46, 0, 18, 2934.07
1552743813, 3, 235, 246, 132, 0, 1.35%, 46, 0, 18, 2795.84
1552743818, 3, 243, 246, 131, 1, 1.35%, 46, 0, 18, 2934.26
1552743823, 3, 244, 246, 130, 0, 1.35%, 46, 0, 18, 2941.61
1552743828, 4, 24, 246, 128, 0, 1.35%, 46, 0, 18, 3046.90
1552743834, 4, 30, 246, 126, 0, 1.35%, 46, 0, 18, 3038.37
